    0.0000000000E+00    0.7776101817E-24
    0.5000000000E-01   -0.6996272895E-24
    0.1000000000E+00    0.8164665594E-24
    0.1500000000E+00   -0.9143228032E-24
    0.2000000000E+00   -0.5343546068E-24
    0.2500000000E+00   -0.3189074584E-23
    0.3000000000E+00   -0.2817592744E-23
    0.3500000000E+00   -0.5545851381E-23
    0.4000000000E+00   -0.4699218318E-23
    0.4500000000E+00   -0.5139918324E-23
    0.5000000000E+00   -0.2471516447E-23
    0.5500000000E+00   -0.2844160462E-23
    0.6000000000E+00   -0.1346240872E-24
    0.6500000000E+00   -0.7520299735E-24
    0.7000000000E+00    0.8228955754E-24
    0.7500000000E+00   -0.7235525814E-24
    0.8000000000E+00    0.8131983189E-24
    0.8500000000E+00   -0.7545874780E-24
    0.9000000000E+00    0.7977891361E-24
    0.9500000000E+00   -0.7901473639E-24
    0.1000000000E+01    0.7830934894E-24
    0.1050000000E+01   -0.8186111980E-24
    0.1100000000E+01    0.7768952298E-24
    0.1150000000E+01   -0.8381376299E-24
    0.1200000000E+01    0.7790234855E-24
    0.1250000000E+01   -0.8524137131E-24
    0.1300000000E+01    0.7807925424E-24
    0.1350000000E+01   -0.8703839301E-24
    0.1400000000E+01    0.7800114476E-24
    0.1450000000E+01   -0.8846137425E-24
    0.1500000000E+01    0.7915367209E-24
    0.1550000000E+01   -0.8805346017E-24
    0.1600000000E+01    0.8233183855E-24
    0.1650000000E+01   -0.8582700567E-24
    0.1700000000E+01    0.8658032799E-24
    0.1750000000E+01   -0.8349064324E-24
    0.1800000000E+01    0.9046748342E-24
    0.1850000000E+01   -0.8173615398E-24
    0.1900000000E+01    0.9335960221E-24
    0.1950000000E+01   -0.8129361771E-24
    0.2000000000E+01    0.9490180635E-24
    0.2050000000E+01   -0.8225164129E-24
    0.2100000000E+01    0.9504412448E-24
    0.2150000000E+01   -0.8456516205E-24
    0.2200000000E+01    0.9397397064E-24
    0.2250000000E+01   -0.8797556908E-24
    0.2300000000E+01    0.9173792965E-24
    0.2350000000E+01   -0.9233165713E-24
    0.2400000000E+01    0.8961368528E-24
    0.2450000000E+01   -0.9536852284E-24
    0.2500000000E+01    0.8974795975E-24
    0.2550000000E+01   -0.9535693173E-24
    0.2600000000E+01    0.9324059459E-24
    0.2650000000E+01   -0.9265553534E-24
    0.2700000000E+01    0.9813255726E-24
    0.2750000000E+01   -0.8996350502E-24
    0.2800000000E+01    0.1017894797E-23
    0.2850000000E+01   -0.8966036783E-24
    0.2900000000E+01    0.1021801029E-23
    0.2950000000E+01   -0.9280255964E-24
    0.3000000000E+01    0.9967428560E-24
    0.3050000000E+01   -0.9801717364E-24
    0.3100000000E+01    0.9629403270E-24
    0.3150000000E+01   -0.1024465358E-23
    0.3200000000E+01    0.9533935133E-24
    0.3250000000E+01   -0.1035397974E-23
    0.3300000000E+01    0.9794247010E-24
    0.3350000000E+01   -0.1014358384E-23
    0.3400000000E+01    0.1025628424E-23
    0.3450000000E+01   -0.9938123841E-24
    0.3500000000E+01    0.1050409013E-23
    0.3550000000E+01   -0.1009024133E-23
    0.3600000000E+01    0.1034960889E-23
    0.3650000000E+01   -0.1057405210E-23
    0.3700000000E+01    0.1006025398E-23
    0.3750000000E+01   -0.1092512970E-23
    0.3800000000E+01    0.1011568010E-23
    0.3850000000E+01   -0.1090441350E-23
    0.3900000000E+01    0.1040332989E-23
    0.3950000000E+01   -0.1086431255E-23
    0.4000000000E+01    0.1049908544E-23
    0.4050000000E+01   -0.1110902483E-23
    0.4100000000E+01    0.1056576575E-23
    0.4150000000E+01   -0.9423678488E-24
    0.4200000000E+01    0.1485406755E-23
    0.4250000000E+01   -0.4598146177E-24
    0.4300000000E+01    0.1994262290E-23
    0.4350000000E+01   -0.1205699225E-26
    0.4400000000E+01    0.2118801815E-23
    0.4450000000E+01   -0.3020479408E-24
    0.4500000000E+01    0.1816340852E-23
    0.4550000000E+01   -0.5793994183E-24
    0.4600000000E+01    0.1574266537E-23
    0.4650000000E+01   -0.6733619774E-24
    0.4700000000E+01    0.1610452029E-23
    0.4750000000E+01   -0.8040427707E-24
    0.4800000000E+01    0.1414230404E-23
    0.4850000000E+01   -0.1018675662E-23
    0.4900000000E+01    0.1226199867E-23
    0.4950000000E+01   -0.1170439251E-23
    0.5000000000E+01    0.1191035438E-23
    0.5050000000E+01   -0.1192418021E-23
    0.5100000000E+01    0.1183153310E-23
    0.5150000000E+01   -0.1228747157E-23
    0.5200000000E+01    0.1168362239E-23
    0.5250000000E+01   -0.1257870855E-23
    0.5300000000E+01    0.1170674908E-23
    0.5350000000E+01   -0.1273055353E-23
    0.5400000000E+01    0.1185609582E-23
    0.5450000000E+01   -0.1263237158E-23
    0.5500000000E+01    0.1238651248E-23
    0.5550000000E+01   -0.1237773778E-23
    0.5600000000E+01    0.1278336811E-23
    0.5650000000E+01   -0.1217279477E-23
    0.5700000000E+01    0.1386964200E-23
    0.5750000000E+01   -0.9232994644E-24
    0.5800000000E+01    0.1880121889E-23
    0.5850000000E+01   -0.4033141709E-24
    0.5900000000E+01    0.2429522925E-23
    0.5950000000E+01   -0.3580029007E-25
    0.6000000000E+01    0.2359399212E-23
    0.6050000000E+01   -0.4935899635E-24
    0.6100000000E+01    0.1841886871E-23
    0.6150000000E+01   -0.1052771423E-23
    0.6200000000E+01    0.1385310795E-23
    0.6250000000E+01   -0.1316709799E-23
    0.6300000000E+01    0.1329051819E-23
    0.6350000000E+01   -0.1357501415E-23
    0.6400000000E+01    0.1310226770E-23
    0.6450000000E+01   -0.1394556411E-23
    0.6500000000E+01    0.1311197417E-23
    0.6550000000E+01   -0.1407722283E-23
    0.6600000000E+01    0.1323542908E-23
    0.6650000000E+01   -0.1406534817E-23
    0.6700000000E+01    0.1340710050E-23
    0.6750000000E+01   -0.1405518094E-23
    0.6800000000E+01    0.1360511656E-23
    0.6850000000E+01   -0.8544382609E-24
    0.6900000000E+01    0.2944506336E-23
    0.6950000000E+01    0.1124308889E-23
    0.7000000000E+01    0.4962092864E-23
    0.7050000000E+01    0.3147797034E-23
    0.7100000000E+01    0.5914350873E-23
    0.7150000000E+01    0.2054510793E-23
    0.7200000000E+01    0.4018940662E-23
    0.7250000000E+01    0.9607470409E-25
    0.7300000000E+01    0.2026924407E-23
    0.7350000000E+01   -0.1389874701E-23
    0.7400000000E+01    0.1567325756E-23
    0.7450000000E+01   -0.1460916365E-23
    0.7500000000E+01    0.1533850841E-23
    0.7550000000E+01   -0.1489059297E-23
    0.7600000000E+01    0.1547572005E-23
    0.7650000000E+01   -0.1495816051E-23
    0.7700000000E+01    0.1558716846E-23
    0.7750000000E+01   -0.1512024172E-23
    0.7800000000E+01    0.1562150531E-23
    0.7850000000E+01   -0.1548221157E-23
    0.7900000000E+01    0.1552834002E-23
    0.7950000000E+01   -0.1618994645E-23
    0.8000000000E+01    0.1308571533E-23
    0.8050000000E+01   -0.2085370469E-23
    0.8100000000E+01    0.8388590607E-24
    0.8150000000E+01   -0.2587071843E-23
    0.8200000000E+01    0.4447721320E-24
    0.8250000000E+01   -0.2592457598E-23
    0.8300000000E+01    0.8712722511E-24
    0.8350000000E+01   -0.2108822270E-23
    0.8400000000E+01    0.1383765412E-23
    0.8450000000E+01   -0.1754966654E-23
    0.8500000000E+01    0.1459714425E-23
    0.8550000000E+01   -0.1937364211E-23
    0.8600000000E+01    0.1249995773E-23
    0.8650000000E+01   -0.2163939239E-23
    0.8700000000E+01    0.1240481595E-23
    0.8750000000E+01   -0.2000266637E-23
    0.8800000000E+01    0.1482990286E-23
    0.8850000000E+01   -0.1781407508E-23
    0.8900000000E+01    0.1723952133E-23
    0.8950000000E+01   -0.1677228217E-23
    0.9000000000E+01    0.1739570657E-23
    0.9050000000E+01   -0.1720973385E-23
    0.9100000000E+01    0.1759181539E-23
    0.9150000000E+01   -0.1670042592E-23
    0.9200000000E+01    0.1887414588E-23
    0.9250000000E+01   -0.1554448617E-23
    0.9300000000E+01    0.2042944837E-23
    0.9350000000E+01   -0.1484234701E-23
    0.9400000000E+01    0.2031483301E-23
    0.9450000000E+01   -0.1595257954E-23
    0.9500000000E+01    0.1947736099E-23
    0.9550000000E+01   -0.1777694513E-23
    0.9600000000E+01    0.1656367023E-23
    0.9650000000E+01   -0.2145870771E-23
    0.9700000000E+01    0.1378528584E-23
    0.9750000000E+01   -0.2428378030E-23
    0.9800000000E+01    0.1260957047E-23
    0.9850000000E+01   -0.2248474237E-23
    0.9900000000E+01    0.1666735927E-23
    0.9950000000E+01   -0.1927093307E-23
    0.1000000000E+02    0.1951380656E-23
    0.1005000000E+02   -0.1771175217E-23
    0.1010000000E+02    0.1963224911E-23
    0.1015000000E+02   -0.1899280775E-23
    0.1020000000E+02    0.1884726284E-23
    0.1025000000E+02   -0.1980101049E-23
    0.1030000000E+02    0.1871768538E-23
    0.1035000000E+02   -0.2004688349E-23
    0.1040000000E+02    0.1892190312E-23
    0.1045000000E+02   -0.2009806584E-23
    0.1050000000E+02    0.1942546852E-23
    0.1055000000E+02   -0.2001835219E-23
    0.1060000000E+02    0.1964317791E-23
    0.1065000000E+02   -0.2016071971E-23
    0.1070000000E+02    0.2040193760E-23
    0.1075000000E+02   -0.1916246946E-23
    0.1080000000E+02    0.2197056712E-23
    0.1085000000E+02   -0.1782813919E-23
    0.1090000000E+02    0.2365784317E-23
    0.1095000000E+02   -0.1757364066E-23
    0.1100000000E+02    0.2287468969E-23
    0.1105000000E+02   -0.1913667104E-23
    0.1110000000E+02    0.2152937683E-23
    0.1115000000E+02   -0.2140456741E-23
    0.1120000000E+02    0.1967881208E-23
    0.1125000000E+02   -0.2311770624E-23
    0.1130000000E+02    0.1841537437E-23
    0.1135000000E+02   -0.2462561721E-23
    0.1140000000E+02    0.1860282343E-23
    0.1145000000E+02   -0.2315620958E-23
    0.1150000000E+02    0.2126077661E-23
    0.1155000000E+02   -0.2061053938E-23
    0.1160000000E+02    0.2429904958E-23
    0.1165000000E+02   -0.1895460867E-23
    0.1170000000E+02    0.2443313840E-23
    0.1175000000E+02   -0.2025959631E-23
    0.1180000000E+02    0.2333370257E-23
    0.1185000000E+02   -0.2204990932E-23
    0.1190000000E+02    0.2202681789E-23
    0.1195000000E+02   -0.2312998833E-23
    0.1200000000E+02    0.2159104257E-23
    0.1205000000E+02   -0.2411737109E-23
    0.1210000000E+02    0.2124837093E-23
    0.1215000000E+02   -0.2459395697E-23
    0.1220000000E+02    0.2143829068E-23
    0.1225000000E+02   -0.2420454921E-23
    0.1230000000E+02    0.2320216848E-23
    0.1235000000E+02   -0.2226966148E-23
    0.1240000000E+02    0.2574749761E-23
    0.1245000000E+02   -0.2021405486E-23
    0.1250000000E+02    0.2755638075E-23
    0.1255000000E+02   -0.2035723589E-23
    0.1260000000E+02    0.2645711853E-23
    0.1265000000E+02   -0.2263325740E-23
    0.1270000000E+02    0.2428497522E-23
    0.1275000000E+02   -0.2508654186E-23
    0.1280000000E+02    0.2313314266E-23
    0.1285000000E+02   -0.2573174085E-23
    0.1290000000E+02    0.2355781330E-23
    0.1295000000E+02   -0.2528108898E-23
    0.1300000000E+02    0.2474793238E-23
    0.1305000000E+02   -0.2452556142E-23
    0.1310000000E+02    0.2590485520E-23
    0.1315000000E+02   -0.2391039356E-23
    0.1320000000E+02    0.2673097718E-23
    0.1325000000E+02   -0.2384453116E-23
    0.1330000000E+02    0.2705368498E-23
    0.1335000000E+02   -0.2429173461E-23
    0.1340000000E+02    0.2665752297E-23
    0.1345000000E+02   -0.2556032699E-23
    0.1350000000E+02    0.2571953266E-23
    0.1355000000E+02   -0.2699234315E-23
    0.1360000000E+02    0.2487436171E-23
    0.1365000000E+02   -0.2794257872E-23
    0.1370000000E+02    0.2506777667E-23
    0.1375000000E+02   -0.2783280188E-23
    0.1380000000E+02    0.2580017204E-23
    0.1385000000E+02   -0.2750895715E-23
    0.1390000000E+02    0.2665718636E-23
    0.1395000000E+02   -0.2727806417E-23
    0.1400000000E+02    0.2732694955E-23
    0.1405000000E+02   -0.2702415116E-23
    0.1410000000E+02    0.2813430319E-23
    0.1415000000E+02   -0.2687558875E-23
    0.1420000000E+02    0.2854838898E-23
    0.1425000000E+02   -0.2734776568E-23
    0.1430000000E+02    0.2808147327E-23
    0.1435000000E+02   -0.2880978150E-23
    0.1440000000E+02    0.2694929650E-23
    0.1445000000E+02   -0.3046959846E-23
    0.1450000000E+02    0.2615458439E-23
    0.1455000000E+02   -0.3106067098E-23
    0.1460000000E+02    0.2698999134E-23
    0.1465000000E+02   -0.3002068822E-23
    0.1470000000E+02    0.2922823053E-23
    0.1475000000E+02   -0.2791111745E-23
    0.1480000000E+02    0.3175540451E-23
    0.1485000000E+02   -0.2656047364E-23
    0.1490000000E+02    0.3286534037E-23
    0.1495000000E+02   -0.2705317626E-23
    0.1500000000E+02    0.3167529629E-23
    0.1505000000E+02   -0.2978007231E-23
    0.1510000000E+02    0.2913472224E-23
    0.1515000000E+02   -0.3291951978E-23
    0.1520000000E+02    0.2702215176E-23
    0.1525000000E+02   -0.3467605475E-23
    0.1530000000E+02    0.2696407034E-23
    0.1535000000E+02   -0.3443516107E-23
    0.1540000000E+02    0.2832223437E-23
    0.1545000000E+02   -0.3341064325E-23
    0.1550000000E+02    0.3019531764E-23
    0.1555000000E+02   -0.3209267747E-23
    0.1560000000E+02    0.3204862758E-23
    0.1565000000E+02   -0.3074830618E-23
    0.1570000000E+02    0.3395222124E-23
    0.1575000000E+02   -0.3007147433E-23
    0.1580000000E+02    0.3450137568E-23
    0.1585000000E+02   -0.3083165842E-23
    0.1590000000E+02    0.3376731425E-23
    0.1595000000E+02   -0.3254014265E-23
    0.1600000000E+02    0.3273773309E-23
    0.1605000000E+02   -0.3400987016E-23
    0.1610000000E+02    0.3230148515E-23
    0.1615000000E+02   -0.3468562741E-23
    0.1620000000E+02    0.3263132044E-23
    0.1625000000E+02   -0.3475718573E-23
    0.1630000000E+02    0.3342129205E-23
    0.1635000000E+02   -0.3492313180E-23
    0.1640000000E+02    0.3323648488E-23
    0.1645000000E+02   -0.3635402541E-23
    0.1650000000E+02    0.3226832097E-23
    0.1655000000E+02   -0.3807982927E-23
    0.1660000000E+02    0.3180760325E-23
    0.1665000000E+02   -0.3786682033E-23
    0.1670000000E+02    0.3446460132E-23
    0.1675000000E+02   -0.3448777799E-23
    0.1680000000E+02    0.3923702044E-23
    0.1685000000E+02   -0.3052833452E-23
    0.1690000000E+02    0.4302914803E-23
    0.1695000000E+02   -0.2971582769E-23
    0.1700000000E+02    0.4196331490E-23
    0.1705000000E+02   -0.3281133649E-23
    0.1710000000E+02    0.3939735192E-23
    0.1715000000E+02   -0.3597200620E-23
    0.1720000000E+02    0.3821569104E-23
    0.1725000000E+02   -0.3626150424E-23
    0.1730000000E+02    0.3953865057E-23
    0.1735000000E+02   -0.3572790117E-23
    0.1740000000E+02    0.4073284006E-23
    0.1745000000E+02   -0.3583989639E-23
    0.1750000000E+02    0.4088487057E-23
    0.1755000000E+02   -0.3704468181E-23
    0.1760000000E+02    0.4009845148E-23
    0.1765000000E+02   -0.3916524269E-23
    0.1770000000E+02    0.3862116425E-23
    0.1775000000E+02   -0.4178445248E-23
    0.1780000000E+02    0.3689297748E-23
    0.1785000000E+02   -0.4412987082E-23
    0.1790000000E+02    0.3617432899E-23
    0.1795000000E+02   -0.4518994051E-23
    0.1800000000E+02    0.3689775975E-23
    0.1805000000E+02   -0.4482654646E-23
    0.1810000000E+02    0.3858429868E-23
    0.1815000000E+02   -0.4442481313E-23
    0.1820000000E+02    0.4023617025E-23
    0.1825000000E+02   -0.4404231216E-23
    0.1830000000E+02    0.4190158865E-23
    0.1835000000E+02   -0.4338750283E-23
    0.1840000000E+02    0.4466362191E-23
    0.1845000000E+02   -0.4240006925E-23
    0.1850000000E+02    0.4725715759E-23
    0.1855000000E+02   -0.4232310429E-23
    0.1860000000E+02    0.4928576606E-23
    0.1865000000E+02   -0.4429929961E-23
    0.1870000000E+02    0.5086472995E-23
    0.1875000000E+02   -0.4349547884E-23
    0.1880000000E+02    0.2433050661E-22
    0.1885000000E+02    0.5533067476E-22
    0.1890000000E+02    0.1147133722E-21
    0.1895000000E+02    0.1541744654E-21
    0.1900000000E+02    0.1932304788E-21
    0.1905000000E+02    0.1665046652E-21
    0.1910000000E+02    0.1123726476E-21
    0.1915000000E+02    0.2145519477E-22
    0.1920000000E+02   -0.4413042580E-22
    0.1925000000E+02   -0.8804707715E-22
    0.1930000000E+02   -0.8112568801E-22
    0.1935000000E+02   -0.6470113237E-22
    0.1940000000E+02   -0.2515647500E-22
    0.1945000000E+02   -0.1926444108E-22
    0.1950000000E+02   -0.1466306946E-22
    0.1955000000E+02   -0.2729969928E-22
    0.1960000000E+02   -0.2310879113E-22
    0.1965000000E+02   -0.2851537988E-22
    0.1970000000E+02   -0.2874206969E-23
    0.1975000000E+02    0.2533784266E-23
    0.1980000000E+02    0.1935436948E-22
    0.1985000000E+02    0.1639979099E-22
    0.1990000000E+02    0.2680010127E-22
    0.1995000000E+02    0.1498211400E-22
    0.2000000000E+02    0.2351628303E-22
    0.2005000000E+02    0.1627995809E-22
    0.2010000000E+02    0.2236545386E-22
    0.2015000000E+02    0.4821098356E-23
    0.2020000000E+02    0.3598465498E-23
    0.2025000000E+02   -0.2121209095E-22
    0.2030000000E+02   -0.3139843120E-22
    0.2035000000E+02   -0.5171263994E-22
    0.2040000000E+02   -0.3869107486E-22
    0.2045000000E+02   -0.3638427918E-22
    0.2050000000E+02   -0.4505561891E-23
    0.2055000000E+02    0.1222134419E-22
    0.2060000000E+02    0.4128309399E-22
    0.2065000000E+02    0.3667553949E-22
    0.2070000000E+02    0.4497503843E-22
    0.2075000000E+02    0.2557451331E-22
    0.2080000000E+02    0.3074466741E-22
    0.2085000000E+02    0.2775350761E-22
    0.2090000000E+02    0.5721743727E-22
    0.2095000000E+02    0.6804185787E-22
    0.2100000000E+02    0.9954155531E-22
    0.2105000000E+02    0.9698518358E-22
    0.2110000000E+02    0.1046144363E-21
    0.2115000000E+02    0.7977192515E-22
    0.2120000000E+02    0.7146566872E-22
    0.2125000000E+02    0.4669056548E-22
    0.2130000000E+02    0.5695427086E-22
    0.2135000000E+02    0.4550723045E-22
    0.2140000000E+02    0.5728929219E-22
    0.2145000000E+02    0.5013353377E-22
    0.2150000000E+02    0.5794630528E-22
    0.2155000000E+02    0.2862609918E-22
    0.2160000000E+02    0.2396552566E-22
    0.2165000000E+02    0.3326266455E-23
    0.2170000000E+02    0.8435316296E-23
    0.2175000000E+02   -0.4505785379E-23
    0.2180000000E+02    0.1741550925E-22
    0.2185000000E+02    0.1938231583E-22
    0.2190000000E+02    0.3995736266E-22
    0.2195000000E+02    0.3435520977E-22
    0.2200000000E+02    0.4919871662E-22
    0.2205000000E+02    0.3349393370E-22
    0.2210000000E+02    0.3560239696E-22
    0.2215000000E+02    0.1536657825E-22
    0.2220000000E+02    0.2021576403E-22
    0.2225000000E+02    0.2831592029E-23
    0.2230000000E+02    0.1913860326E-22
    0.2235000000E+02    0.1938464203E-22
    0.2240000000E+02    0.4552867600E-22
    0.2245000000E+02    0.4939852816E-22
    0.2250000000E+02    0.7954011071E-22
    0.2255000000E+02    0.7717224691E-22
    0.2260000000E+02    0.9864028649E-22
    0.2265000000E+02    0.9762936831E-22
    0.2270000000E+02    0.1168894628E-21
    0.2275000000E+02    0.1122344609E-21
    0.2280000000E+02    0.1335137871E-21
    0.2285000000E+02    0.1073173231E-21
    0.2290000000E+02    0.9295006375E-22
    0.2295000000E+02    0.5661263437E-22
    0.2300000000E+02    0.3770144685E-22
    0.2305000000E+02   -0.5589156135E-23
    0.2310000000E+02    0.5855534276E-23
    0.2315000000E+02    0.4645865110E-23
    0.2320000000E+02    0.2943038317E-22
    0.2325000000E+02    0.3834523760E-22
    0.2330000000E+02    0.7378945490E-22
    0.2335000000E+02    0.7024900168E-22
    0.2340000000E+02    0.8917039056E-22
    0.2345000000E+02    0.7672359647E-22
    0.2350000000E+02    0.8228480635E-22
    0.2355000000E+02    0.5726617471E-22
    0.2360000000E+02    0.5749441090E-22
    0.2365000000E+02    0.2854346126E-22
    0.2370000000E+02    0.2977216979E-22
    0.2375000000E+02    0.6534082257E-23
    0.2380000000E+02    0.1300438542E-22
    0.2385000000E+02   -0.4281004921E-23
    0.2390000000E+02    0.1186275533E-22
    0.2395000000E+02    0.6703205862E-24
    0.2400000000E+02    0.1864259657E-22
    0.2405000000E+02    0.1273371218E-22
    0.2410000000E+02    0.3739462998E-22
    0.2415000000E+02    0.2949773787E-22
    0.2420000000E+02    0.5159671219E-22
    0.2425000000E+02    0.4802246066E-22
    0.2430000000E+02    0.7211186269E-22
    0.2435000000E+02    0.6034941862E-22
    0.2440000000E+02    0.7680544872E-22
    0.2445000000E+02    0.5975777730E-22
    0.2450000000E+02    0.6766490176E-22
    0.2455000000E+02    0.4698465694E-22
    0.2460000000E+02    0.6291406455E-22
    0.2465000000E+02    0.4673593791E-22
    0.2470000000E+02    0.6391735066E-22
    0.2475000000E+02    0.5009396025E-22
    0.2480000000E+02    0.5743099578E-22
    0.2485000000E+02    0.2975372180E-22
    0.2490000000E+02    0.3893181688E-22
    0.2495000000E+02    0.1585427833E-22
    0.2500000000E+02    0.2671119326E-22
    0.2505000000E+02    0.9914711815E-23
    0.2510000000E+02    0.2416812957E-22
    0.2515000000E+02    0.4355750550E-23
    0.2520000000E+02    0.1861242215E-22
    0.2525000000E+02   -0.2111113111E-23
    0.2530000000E+02    0.1317714169E-22
    0.2535000000E+02   -0.2640626530E-23
    0.2540000000E+02    0.1346328948E-22
    0.2545000000E+02   -0.7977632578E-23
    0.2550000000E+02    0.6619099336E-23
    0.2555000000E+02   -0.1487240274E-22
    0.2560000000E+02   -0.7645547116E-24
    0.2565000000E+02   -0.2156499788E-22
    0.2570000000E+02   -0.4363569475E-23
    0.2575000000E+02   -0.2343770645E-22
    0.2580000000E+02   -0.3425438025E-23
    0.2585000000E+02   -0.1936342952E-22
    0.2590000000E+02    0.4595625437E-23
    0.2595000000E+02   -0.6571067136E-23
    0.2600000000E+02    0.2073475109E-22
    0.2605000000E+02    0.7268821839E-23
    0.2610000000E+02    0.2965851474E-22
    0.2615000000E+02    0.1075076260E-22
    0.2620000000E+02    0.2655708207E-22
    0.2625000000E+02    0.2990270777E-23
    0.2630000000E+02    0.2046031805E-22
    0.2635000000E+02   -0.1309869092E-24
    0.2640000000E+02    0.2098127029E-22
    0.2645000000E+02    0.4521777318E-23
    0.2650000000E+02    0.2678556219E-22
    0.2655000000E+02    0.7694481558E-23
    0.2660000000E+02    0.2867203191E-22
    0.2665000000E+02    0.5264460486E-23
    0.2670000000E+02    0.2137563977E-22
    0.2675000000E+02   -0.3805752866E-23
    0.2680000000E+02    0.9657867085E-23
    0.2685000000E+02   -0.2037482814E-22
    0.2690000000E+02   -0.5322605082E-23
    0.2695000000E+02   -0.3130171384E-22
    0.2700000000E+02   -0.1206368701E-22
    0.2705000000E+02   -0.3166421111E-22
    0.2710000000E+02   -0.5571122325E-23
    0.2715000000E+02   -0.2453686524E-22
    0.2720000000E+02   -0.1333548698E-24
    0.2725000000E+02   -0.2050613093E-22
    0.2730000000E+02    0.2643851848E-23
    0.2735000000E+02   -0.1946470629E-22
    0.2740000000E+02    0.5648312941E-23
    0.2745000000E+02   -0.1504330473E-22
    0.2750000000E+02    0.7007605189E-23
    0.2755000000E+02   -0.1785543918E-22
    0.2760000000E+02    0.3280044669E-23
    0.2765000000E+02   -0.2351700866E-22
    0.2770000000E+02   -0.9326725552E-24
    0.2775000000E+02   -0.2188169798E-22
    0.2780000000E+02    0.5739581002E-23
    0.2785000000E+02   -0.1385567117E-22
    0.2790000000E+02    0.1585918206E-22
    0.2795000000E+02   -0.5605176982E-23
    0.2800000000E+02    0.1876975811E-22
    0.2805000000E+02   -0.6841835775E-23
    0.2810000000E+02    0.1635970742E-22
    0.2815000000E+02   -0.1163553688E-22
    0.2820000000E+02    0.1141899491E-22
    0.2825000000E+02   -0.1411275268E-22
    0.2830000000E+02    0.1272374840E-22
    0.2835000000E+02   -0.1169637644E-22
    0.2840000000E+02    0.1666065585E-22
    0.2845000000E+02   -0.6332175731E-23
    0.2850000000E+02    0.2152775747E-22
    0.2855000000E+02   -0.5490533853E-23
    0.2860000000E+02    0.2071417213E-22
    0.2865000000E+02   -0.9241839586E-23
    0.2870000000E+02    0.1368441215E-22
    0.2875000000E+02   -0.1625240284E-22
    0.2880000000E+02    0.1066053399E-22
    0.2885000000E+02   -0.1748674569E-22
    0.2890000000E+02    0.1260694607E-22
    0.2895000000E+02   -0.1269627592E-22
    0.2900000000E+02    0.1844215601E-22
    0.2905000000E+02   -0.8543688969E-23
    0.2910000000E+02    0.2124384113E-22
    0.2915000000E+02   -0.8365984383E-23
    0.2920000000E+02    0.2171700654E-22
    0.2925000000E+02   -0.5571836001E-23
    0.2930000000E+02    0.2565666293E-22
    0.2935000000E+02   -0.2121838853E-23
    0.2940000000E+02    0.2990534963E-22
    0.2945000000E+02   -0.3232120597E-23
    0.2950000000E+02    0.2008132331E-22
    0.2955000000E+02   -0.1705829853E-22
    0.2960000000E+02    0.7080244388E-23
    0.2965000000E+02   -0.2880029027E-22
    0.2970000000E+02    0.1286336229E-23
    0.2975000000E+02   -0.2921187782E-22
    0.2980000000E+02    0.3667381183E-23
    0.2985000000E+02   -0.2524700611E-22
    0.2990000000E+02    0.9134679118E-23
    0.2995000000E+02   -0.2089982556E-22
    0.3000000000E+02    0.1448259149E-22
    0.3005000000E+02   -0.1572804215E-22
    0.3010000000E+02    0.1765052179E-22
    0.3015000000E+02   -0.1467870264E-22
    0.3020000000E+02    0.1926821824E-22
    0.3025000000E+02   -0.1319953710E-22
    0.3030000000E+02    0.2228557056E-22
    0.3035000000E+02   -0.1015261760E-22
    0.3040000000E+02    0.2333018831E-22
    0.3045000000E+02   -0.1224447283E-22
    0.3050000000E+02    0.2045583379E-22
    0.3055000000E+02   -0.1646444032E-22
    0.3060000000E+02    0.1725105824E-22
    0.3065000000E+02   -0.1707787261E-22
    0.3070000000E+02    0.2010464196E-22
    0.3075000000E+02   -0.1341310069E-22
    0.3080000000E+02    0.2467877687E-22
    0.3085000000E+02   -0.8119929991E-23
    0.3090000000E+02    0.3098961492E-22
    0.3095000000E+02   -0.3294307746E-23
    0.3100000000E+02    0.3550489144E-22
    0.3105000000E+02    0.1933120395E-23
    0.3110000000E+02    0.4213362092E-22
    0.3115000000E+02    0.7734945480E-23
    0.3120000000E+02    0.4762103543E-22
    0.3125000000E+02    0.1142213211E-22
    0.3130000000E+02    0.4839222484E-22
    0.3135000000E+02    0.6041229695E-23
    0.3140000000E+02    0.4097025231E-22
    0.3145000000E+02   -0.1929415741E-23
    0.3150000000E+02    0.3631846094E-22
    0.3155000000E+02   -0.7776223303E-23
    0.3160000000E+02    0.3166774250E-22
    0.3165000000E+02   -0.2475012467E-21
    0.3170000000E+02   -0.8075170798E-21
    0.3175000000E+02   -0.1595797980E-20
    0.3180000000E+02   -0.2375519686E-20
    0.3185000000E+02   -0.3280766539E-20
    0.3190000000E+02   -0.3670120989E-20
    0.3195000000E+02   -0.3446770089E-20
    0.3200000000E+02   -0.2875384031E-20
    0.3205000000E+02   -0.2272658496E-20
    0.3210000000E+02   -0.1497139199E-20
    0.3215000000E+02   -0.1071361391E-20
    0.3220000000E+02   -0.7340602505E-21
    0.3225000000E+02   -0.2379533855E-20
    0.3230000000E+02   -0.4508286951E-20
    0.3235000000E+02   -0.4084542382E-20
    0.3240000000E+02   -0.4138962997E-20
    0.3245000000E+02   -0.3403705697E-20
    0.3250000000E+02   -0.4914239579E-20
    0.3255000000E+02   -0.1601438086E-19
    0.3260000000E+02   -0.2462725144E-19
    0.3265000000E+02   -0.2797922162E-19
    0.3270000000E+02   -0.3233184643E-19
    0.3275000000E+02   -0.2591631380E-19
    0.3280000000E+02    0.1070683354E-19
    0.3285000000E+02    0.4306128617E-19
    0.3290000000E+02    0.6133338045E-19
    0.3295000000E+02    0.7350370980E-19
    0.3300000000E+02    0.7618423402E-19
    0.3305000000E+02    0.4836974544E-19
    0.3310000000E+02    0.1054644106E-19
    0.3315000000E+02   -0.1303042757E-19
    0.3320000000E+02   -0.2552403808E-19
    0.3325000000E+02   -0.3340085927E-19
    0.3330000000E+02   -0.2964906278E-19
    0.3335000000E+02   -0.1615418632E-19
    0.3340000000E+02   -0.6836347730E-20
    0.3345000000E+02   -0.2116132699E-20
    0.3350000000E+02    0.1049290615E-20
    0.3355000000E+02    0.4655781036E-20
    0.3360000000E+02    0.5589672544E-20
    0.3365000000E+02    0.2290941607E-20
    0.3370000000E+02   -0.3198730525E-20
    0.3375000000E+02   -0.9062888045E-20
    0.3380000000E+02   -0.1705215830E-19
    0.3385000000E+02   -0.2110067905E-19
    0.3390000000E+02   -0.1876751346E-19
    0.3395000000E+02   -0.1286196996E-19
    0.3400000000E+02   -0.5839640181E-20
    0.3405000000E+02    0.6891362803E-22
    0.3410000000E+02    0.4786147775E-20
    0.3415000000E+02    0.6346695680E-20
    0.3420000000E+02    0.4642934923E-20
    0.3425000000E+02    0.2562029444E-20
    0.3430000000E+02    0.3136517817E-20
    0.3435000000E+02    0.1996896834E-20
    0.3440000000E+02    0.2207243505E-20
    0.3445000000E+02    0.4568205816E-20
    0.3450000000E+02    0.4666022658E-20
    0.3455000000E+02    0.1899844459E-20
    0.3460000000E+02    0.7999023143E-21
    0.3465000000E+02   -0.2370928436E-20
    0.3470000000E+02   -0.5401609633E-20
    0.3475000000E+02   -0.6342257506E-20
    0.3480000000E+02   -0.2505979078E-20
    0.3485000000E+02   -0.5666497022E-20
    0.3490000000E+02   -0.1182082612E-19
    0.3495000000E+02   -0.1281346172E-19
    0.3500000000E+02   -0.1285534383E-19
    0.3505000000E+02   -0.1769978625E-19
    0.3510000000E+02   -0.9989696058E-20
    0.3515000000E+02    0.7285947423E-20
    0.3520000000E+02    0.1272524016E-19
    0.3525000000E+02    0.1470117212E-19
    0.3530000000E+02    0.1802780682E-19
    0.3535000000E+02    0.1451504312E-19
    0.3540000000E+02    0.4195962466E-20
    0.3545000000E+02   -0.2175704891E-20
    0.3550000000E+02   -0.7592038348E-20
    0.3555000000E+02   -0.1519191546E-19
    0.3560000000E+02   -0.2248662442E-19
    0.3565000000E+02   -0.3264247153E-19
    0.3570000000E+02   -0.3816762423E-19
    0.3575000000E+02   -0.3109469988E-19
    0.3580000000E+02   -0.1210031151E-19
    0.3585000000E+02    0.1302548385E-19
    0.3590000000E+02    0.4393912100E-19
    0.3595000000E+02    0.6907381368E-19
    0.3600000000E+02    0.6948393224E-19
    0.3605000000E+02    0.5449698111E-19
    0.3610000000E+02    0.2821328103E-19
    0.3615000000E+02    0.3355621150E-20
    0.3620000000E+02   -0.1661595596E-19
    0.3625000000E+02   -0.2013375575E-19
    0.3630000000E+02   -0.1863759094E-19
    0.3635000000E+02   -0.1234424338E-19
    0.3640000000E+02   -0.9385186116E-20
    0.3645000000E+02   -0.5718144501E-20
    0.3650000000E+02   -0.6117181554E-20
    0.3655000000E+02   -0.4362517886E-20
    0.3660000000E+02   -0.3188328650E-21
    0.3665000000E+02    0.5648143979E-20
    0.3670000000E+02    0.5889555958E-20
    0.3675000000E+02    0.6197133600E-20
    0.3680000000E+02    0.2967598623E-20
    0.3685000000E+02   -0.2058584368E-20
    0.3690000000E+02   -0.8971816911E-20
    0.3695000000E+02   -0.1531474651E-19
    0.3700000000E+02   -0.1927004619E-19
    0.3705000000E+02   -0.1493516542E-19
    0.3710000000E+02   -0.1039037295E-19
    0.3715000000E+02   -0.8656890660E-20
    0.3720000000E+02   -0.5833678366E-21
    0.3725000000E+02    0.7634633574E-20
    0.3730000000E+02    0.5783639773E-20
    0.3735000000E+02    0.4141048295E-20
    0.3740000000E+02    0.7833639890E-20
    0.3745000000E+02    0.7998110716E-20
    0.3750000000E+02    0.3999682347E-20
    0.3755000000E+02    0.4293937883E-20
    0.3760000000E+02    0.3548102805E-20
    0.3765000000E+02    0.3756247244E-21
    0.3770000000E+02   -0.3138706773E-20
    0.3775000000E+02   -0.4489286738E-20
    0.3780000000E+02   -0.7147542525E-20
    0.3785000000E+02   -0.6429229905E-20
    0.3790000000E+02   -0.2950097546E-20
    0.3795000000E+02    0.3218918940E-20
    0.3800000000E+02    0.8616564711E-20
    0.3805000000E+02    0.1467320337E-19
    0.3810000000E+02    0.1570650179E-19
    0.3815000000E+02    0.1255177152E-19
    0.3820000000E+02    0.4125330192E-20
    0.3825000000E+02   -0.3755457391E-20
    0.3830000000E+02   -0.8109059537E-20
    0.3835000000E+02   -0.8250796178E-20
    0.3840000000E+02   -0.7576534139E-20
    0.3845000000E+02   -0.3351713684E-20
    0.3850000000E+02    0.3014198008E-20
    0.3855000000E+02    0.5460698887E-20
    0.3860000000E+02    0.4820934114E-20
    0.3865000000E+02    0.5221269947E-20
    0.3870000000E+02    0.4437800662E-20
    0.3875000000E+02    0.2659527392E-20
    0.3880000000E+02    0.1565896104E-20
    0.3885000000E+02    0.1513149264E-20
    0.3890000000E+02   -0.1335145265E-21
    0.3895000000E+02   -0.1288283615E-20
    0.3900000000E+02   -0.4977974339E-20
    0.3905000000E+02   -0.1133741300E-19
    0.3910000000E+02   -0.1437893169E-19
    0.3915000000E+02   -0.1300275232E-19
    0.3920000000E+02   -0.1314497445E-19
    0.3925000000E+02   -0.1490577150E-19
    0.3930000000E+02   -0.6153024796E-20
    0.3935000000E+02    0.1143368985E-22
    0.3940000000E+02    0.1556949943E-20
    0.3945000000E+02    0.6119324006E-20
    0.3950000000E+02    0.1893678630E-19
    0.3955000000E+02    0.1980516323E-19
    0.3960000000E+02    0.1724015110E-19
    0.3965000000E+02    0.1558616005E-19
    0.3970000000E+02    0.1201893012E-19
    0.3975000000E+02    0.3567102922E-20
    0.3980000000E+02   -0.5755717871E-21
    0.3985000000E+02   -0.1639843713E-20
    0.3990000000E+02   -0.2221549914E-20
    0.3995000000E+02   -0.2170521284E-20
    0.4000000000E+02   -0.6941584170E-21
    0.4005000000E+02    0.1540193926E-20
    0.4010000000E+02    0.3345564524E-20
    0.4015000000E+02    0.4188725039E-20
    0.4020000000E+02    0.5026814786E-20
    0.4025000000E+02    0.5015778073E-20
    0.4030000000E+02    0.2473663055E-20
    0.4035000000E+02    0.8532321761E-22
    0.4040000000E+02   -0.5070740345E-21
    0.4045000000E+02   -0.2148848187E-20
    0.4050000000E+02   -0.5577841490E-20
    0.4055000000E+02   -0.5741794065E-20
    0.4060000000E+02   -0.5010071352E-20
    0.4065000000E+02   -0.4438636779E-20
    0.4070000000E+02   -0.2878965293E-20
    0.4075000000E+02   -0.4232158273E-21
    0.4080000000E+02    0.4385899220E-21
    0.4085000000E+02    0.3470621563E-21
    0.4090000000E+02   -0.4820827053E-21
    0.4095000000E+02   -0.1361118831E-20
    0.4100000000E+02   -0.2190076190E-20
    0.4105000000E+02   -0.2614099883E-20
    0.4110000000E+02   -0.3284456161E-20
    0.4115000000E+02   -0.3760873616E-20
    0.4120000000E+02   -0.3916855408E-20
    0.4125000000E+02   -0.3330553978E-20
    0.4130000000E+02   -0.2760317427E-20
    0.4135000000E+02   -0.4025115836E-21
    0.4140000000E+02    0.1898992785E-20
    0.4145000000E+02    0.2802403181E-20
    0.4150000000E+02    0.3942705468E-20
    0.4155000000E+02    0.4688640873E-20
    0.4160000000E+02    0.3756028587E-20
    0.4165000000E+02    0.3092026130E-20
    0.4170000000E+02    0.3452541781E-20
    0.4175000000E+02    0.2477594895E-20
    0.4180000000E+02    0.1434288582E-20
    0.4185000000E+02    0.7192160901E-21
    0.4190000000E+02   -0.2321258590E-21
    0.4195000000E+02   -0.1197378739E-20
    0.4200000000E+02   -0.1439943599E-20
    0.4205000000E+02   -0.1312959457E-20
    0.4210000000E+02   -0.5392221117E-21
    0.4215000000E+02    0.2040132088E-21
    0.4220000000E+02    0.1927843819E-21
    0.4225000000E+02   -0.6779554723E-22
    0.4230000000E+02   -0.4081270585E-21
    0.4235000000E+02   -0.1810556785E-20
    0.4240000000E+02   -0.2838304544E-20
    0.4245000000E+02   -0.2608829660E-20
    0.4250000000E+02   -0.2232661358E-20
    0.4255000000E+02   -0.2034837833E-20
    0.4260000000E+02   -0.1434258967E-20
    0.4265000000E+02   -0.1334432196E-20
    0.4270000000E+02   -0.1944790096E-20
    0.4275000000E+02   -0.2050664207E-20
    0.4280000000E+02   -0.1970038608E-20
    0.4285000000E+02   -0.1640213415E-20
    0.4290000000E+02   -0.1211820281E-20
    0.4295000000E+02   -0.7335562531E-21
    0.4300000000E+02   -0.6942426633E-21
    0.4305000000E+02   -0.7476625833E-21
    0.4310000000E+02   -0.1123880678E-20
    0.4315000000E+02   -0.1243358169E-20
    0.4320000000E+02   -0.1640377786E-20
    0.4325000000E+02   -0.2074260045E-20
    0.4330000000E+02   -0.2046316577E-20
    0.4335000000E+02   -0.1400765755E-20
    0.4340000000E+02   -0.9761601337E-21
    0.4345000000E+02    0.1555904540E-21
    0.4350000000E+02    0.1554722600E-20
    0.4355000000E+02    0.2306514395E-20
    0.4360000000E+02    0.2294439974E-20
    0.4365000000E+02    0.2281272533E-20
    0.4370000000E+02    0.1804668196E-20
    0.4375000000E+02    0.1008167118E-20
    0.4380000000E+02    0.3300002729E-21
    0.4385000000E+02    0.3612212386E-22
    0.4390000000E+02   -0.2762898818E-21
    0.4395000000E+02   -0.5324755180E-21
    0.4400000000E+02   -0.7314660649E-21
    0.4405000000E+02   -0.6930750963E-21
    0.4410000000E+02   -0.7648076742E-21
    0.4415000000E+02   -0.6011607681E-21
    0.4420000000E+02   -0.3460058993E-21
    0.4425000000E+02   -0.1769530315E-21
    0.4430000000E+02   -0.7944187841E-21
    0.4435000000E+02   -0.1301186860E-20
    0.4440000000E+02   -0.1720902370E-20
    0.4445000000E+02   -0.2189628384E-20
    0.4450000000E+02   -0.2263303476E-20
    0.4455000000E+02   -0.1027115341E-20
    0.4460000000E+02    0.2073167130E-21
    0.4465000000E+02    0.8086760855E-21
    0.4470000000E+02    0.1190661785E-20
    0.4475000000E+02    0.1291013099E-20
    0.4480000000E+02    0.7388153320E-21
    0.4485000000E+02    0.1239136678E-21
    0.4490000000E+02   -0.1085728817E-21
    0.4495000000E+02   -0.7710640141E-22
    0.4500000000E+02   -0.1787381656E-22
    0.4505000000E+02    0.8297086546E-22
    0.4510000000E+02    0.1641641414E-21
    0.4515000000E+02    0.1832244635E-21
    0.4520000000E+02    0.1184306237E-21
    0.4525000000E+02    0.1567836322E-21
    0.4530000000E+02    0.1346901841E-21
    0.4535000000E+02    0.4060678764E-21
    0.4540000000E+02    0.8367444309E-21
    0.4545000000E+02    0.1198227476E-20
    0.4550000000E+02    0.1370587141E-20
    0.4555000000E+02    0.1611924644E-20
    0.4560000000E+02    0.1310137850E-20
    0.4565000000E+02    0.8998994303E-21
    0.4570000000E+02    0.6160517508E-21
    0.4575000000E+02    0.4084179677E-21
    0.4580000000E+02    0.1203843297E-21
    0.4585000000E+02    0.1240766108E-21
    0.4590000000E+02    0.6861999352E-22
    0.4595000000E+02   -0.3400585873E-22
    0.4600000000E+02   -0.1174979502E-21
    0.4605000000E+02   -0.1174554128E-21
    0.4610000000E+02   -0.1309893476E-21
    0.4615000000E+02   -0.2047963480E-22
    0.4620000000E+02    0.4098513817E-22
    0.4625000000E+02    0.1880993850E-21
    0.4630000000E+02    0.2803495407E-21
    0.4635000000E+02    0.2894545153E-21
    0.4640000000E+02    0.8296498942E-22
    0.4645000000E+02   -0.2126267252E-22
    0.4650000000E+02   -0.2166634322E-21
    0.4655000000E+02   -0.3461130920E-21
    0.4660000000E+02   -0.2903022199E-21
    0.4665000000E+02    0.5604758736E-22
    0.4670000000E+02    0.3590487768E-21
    0.4675000000E+02    0.6334251798E-21
    0.4680000000E+02    0.7768377439E-21
    0.4685000000E+02    0.7994448767E-21
    0.4690000000E+02    0.6538074636E-21
    0.4695000000E+02    0.4703536647E-21
    0.4700000000E+02    0.2733589642E-21
    0.4705000000E+02    0.2174462881E-21
    0.4710000000E+02    0.1650634160E-21
    0.4715000000E+02    0.1835314073E-21
    0.4720000000E+02    0.1916478260E-21
    0.4725000000E+02    0.2324764655E-21
    0.4730000000E+02    0.2182110940E-21
    0.4735000000E+02    0.2745402382E-21
    0.4740000000E+02    0.2685529661E-21
    0.4745000000E+02    0.3463562509E-21
    0.4750000000E+02    0.4379149747E-21
    0.4755000000E+02    0.4956380397E-21
    0.4760000000E+02    0.4267916849E-21
    0.4765000000E+02    0.3733770587E-21
    0.4770000000E+02    0.1903727853E-21
    0.4775000000E+02   -0.1866877638E-22
    0.4780000000E+02   -0.2479413504E-21
    0.4785000000E+02   -0.3738682173E-21
    0.4790000000E+02   -0.5036888800E-21
    0.4795000000E+02   -0.5246370526E-21
    0.4800000000E+02   -0.5123998993E-21
    0.4805000000E+02   -0.4003992130E-21
    0.4810000000E+02   -0.3637074091E-21
    0.4815000000E+02   -0.2918169147E-21
    0.4820000000E+02   -0.2645519308E-21
    0.4825000000E+02   -0.2105688315E-21
    0.4830000000E+02   -0.2428010590E-21
    0.4835000000E+02   -0.1868880585E-21
    0.4840000000E+02   -0.1957047024E-21
    0.4845000000E+02   -0.2120303974E-21
    0.4850000000E+02   -0.3090144339E-21
    0.4855000000E+02   -0.3129093873E-21
    0.4860000000E+02   -0.3844331204E-21
    0.4865000000E+02   -0.3633453699E-21
    0.4870000000E+02   -0.3058875330E-21
    0.4875000000E+02   -0.1608903534E-21
    0.4880000000E+02   -0.1027894983E-21
    0.4885000000E+02   -0.8149704586E-23
    0.4890000000E+02   -0.3439114940E-23
    0.4895000000E+02   -0.2066903575E-23
    0.4900000000E+02   -0.7500695643E-22
    0.4905000000E+02   -0.1036487149E-21
    0.4910000000E+02   -0.1844321485E-21
    0.4915000000E+02   -0.1977069969E-21
    0.4920000000E+02   -0.2496117784E-21
    0.4925000000E+02   -0.2385121761E-21
    0.4930000000E+02   -0.2722360449E-21
    0.4935000000E+02   -0.2499197199E-21
    0.4940000000E+02   -0.2591209524E-21
    0.4945000000E+02   -0.2054767531E-21
    0.4950000000E+02   -0.2139490193E-21
    0.4955000000E+02   -0.1698008348E-21
    0.4960000000E+02   -0.1691802584E-21
    0.4965000000E+02   -0.1629622000E-21
    0.4970000000E+02   -0.2335125572E-21
    0.4975000000E+02   -0.2558042987E-21
    0.4980000000E+02   -0.3232789126E-21
    0.4985000000E+02   -0.3386623990E-21
    0.4990000000E+02   -0.3770454011E-21
    0.4995000000E+02   -0.3405441005E-21
    0.5000000000E+02   -0.3313822634E-21
    0.5005000000E+02   -0.2652448608E-21
    0.5010000000E+02   -0.2386470358E-21
    0.5015000000E+02   -0.1494240945E-21
    0.5020000000E+02   -0.1087446733E-21
    0.5025000000E+02   -0.2950769521E-22
    0.5030000000E+02    0.2400253370E-23
    0.5035000000E+02    0.7222929587E-22
    0.5040000000E+02    0.6657526323E-22
    0.5045000000E+02    0.9602699468E-22
    0.5050000000E+02    0.6877203781E-22
    0.5055000000E+02    0.7302987417E-22
    0.5060000000E+02    0.2943088284E-22
    0.5065000000E+02    0.5970576449E-22
    0.5070000000E+02    0.4947918220E-22
    0.5075000000E+02    0.1029652151E-21
    0.5080000000E+02    0.1221227648E-21
    0.5085000000E+02    0.1898986197E-21
    0.5090000000E+02    0.1857390238E-21
    0.5095000000E+02    0.2148373420E-21
    0.5100000000E+02    0.1788584905E-21
    0.5105000000E+02    0.1814540394E-21
    0.5110000000E+02    0.1251039143E-21
    0.5115000000E+02    0.1181559630E-21
    0.5120000000E+02    0.7804206903E-22
    0.5125000000E+02    0.9213857476E-22
    0.5130000000E+02    0.5815358382E-22
    0.5135000000E+02    0.9010625824E-22
    0.5140000000E+02    0.8842782761E-22
    0.5145000000E+02    0.1265536592E-21
    0.5150000000E+02    0.1231947211E-21
    0.5155000000E+02    0.1714835474E-21
    0.5160000000E+02    0.1569584705E-21
    0.5165000000E+02    0.1805223151E-21
    0.5170000000E+02    0.1563298683E-21
    0.5175000000E+02    0.1617797898E-21
    0.5180000000E+02    0.1152667953E-21
    0.5185000000E+02    0.1236289217E-21
    0.5190000000E+02    0.9036665563E-22
    0.5195000000E+02    0.1108319407E-21
    0.5200000000E+02    0.9148625818E-22
    0.5205000000E+02    0.1188854083E-21
    0.5210000000E+02    0.1065668511E-21
    0.5215000000E+02    0.1430583840E-21
    0.5220000000E+02    0.1353778583E-21
    0.5225000000E+02    0.1866153531E-21
    0.5230000000E+02    0.1974740447E-21
    0.5235000000E+02    0.2326076247E-21
    0.5240000000E+02    0.2067416539E-21
    0.5245000000E+02    0.2074423530E-21
    0.5250000000E+02    0.1470536594E-21
    0.5255000000E+02    0.1289160201E-21
    0.5260000000E+02    0.7604286643E-22
    0.5265000000E+02    0.7517584221E-22
    0.5270000000E+02    0.4278715354E-22
    0.5275000000E+02    0.6170227097E-22
    0.5280000000E+02    0.3169157259E-22
    0.5285000000E+02    0.4568741314E-22
    0.5290000000E+02    0.1496177596E-22
    0.5295000000E+02    0.2358682827E-22
    0.5300000000E+02   -0.1605245248E-22
    0.5305000000E+02   -0.1369966181E-22
    0.5310000000E+02   -0.6280503333E-22
    0.5315000000E+02   -0.6435682665E-22
    0.5320000000E+02   -0.1031185914E-21
    0.5325000000E+02   -0.9464050830E-22
    0.5330000000E+02   -0.1217094171E-21
    0.5335000000E+02   -0.8662847506E-22
    0.5340000000E+02   -0.9658925113E-22
    0.5345000000E+02   -0.6821253676E-22
    0.5350000000E+02   -0.8492975861E-22
    0.5355000000E+02   -0.5842393453E-22
    0.5360000000E+02   -0.8170344071E-22
    0.5365000000E+02   -0.6077874324E-22
    0.5370000000E+02   -0.8316544675E-22
    0.5375000000E+02   -0.5969202614E-22
    0.5380000000E+02   -0.8477637565E-22
    0.5385000000E+02   -0.7413683762E-22
    0.5390000000E+02   -0.1133559136E-21
    0.5395000000E+02   -0.1040196899E-21
    0.5400000000E+02   -0.1321085781E-21
    0.5405000000E+02   -0.1086572956E-21
    0.5410000000E+02   -0.1192003552E-21
    0.5415000000E+02   -0.6852357620E-22
    0.5420000000E+02   -0.6031077262E-22
    0.5425000000E+02   -0.2407538793E-22
    0.5430000000E+02   -0.4095657751E-22
    0.5435000000E+02   -0.2115219217E-22
    0.5440000000E+02   -0.6393509450E-22
    0.5445000000E+02   -0.7038614657E-22
    0.5450000000E+02   -0.1054606036E-21
    0.5455000000E+02   -0.9659237188E-22
    0.5460000000E+02   -0.1283212454E-21
    0.5465000000E+02   -0.1064824195E-21
    0.5470000000E+02   -0.1235162047E-21
    0.5475000000E+02   -0.1029041293E-21
    0.5480000000E+02   -0.1104594921E-21
    0.5485000000E+02   -0.7255594656E-22
    0.5490000000E+02   -0.8565720424E-22
    0.5495000000E+02   -0.5713309008E-22
    0.5500000000E+02   -0.6687267119E-22
    0.5505000000E+02   -0.4440767509E-22
    0.5510000000E+02   -0.6469122571E-22
    0.5515000000E+02   -0.2979494117E-22
    0.5520000000E+02   -0.3388933712E-22
    0.5525000000E+02   -0.6592474255E-23
    0.5530000000E+02   -0.1876504880E-22
    0.5535000000E+02    0.4603239697E-23
    0.5540000000E+02   -0.2275841301E-22
    0.5545000000E+02   -0.4459313456E-23
    0.5550000000E+02   -0.1485960353E-22
    0.5555000000E+02    0.1582604613E-22
    0.5560000000E+02    0.1860628441E-22
    0.5565000000E+02    0.6804500613E-22
    0.5570000000E+02    0.6442574333E-22
    0.5575000000E+02    0.9270388911E-22
    0.5580000000E+02    0.7527352170E-22
    0.5585000000E+02    0.8440254153E-22
    0.5590000000E+02    0.4733105614E-22
    0.5595000000E+02    0.5364250584E-22
    0.5600000000E+02    0.1882401734E-22
    0.5605000000E+02    0.3051649846E-22
    0.5610000000E+02    0.1026713307E-22
    0.5615000000E+02    0.3406649452E-22
    0.5620000000E+02    0.2542010446E-22
    0.5625000000E+02    0.6455345380E-22
    0.5630000000E+02    0.5828322657E-22
    0.5635000000E+02    0.8790987441E-22
    0.5640000000E+02    0.7086705271E-22
    0.5645000000E+02    0.7229182365E-22
    0.5650000000E+02    0.2667680501E-22
    0.5655000000E+02    0.2876509284E-22
    0.5660000000E+02   -0.7116641972E-23
    0.5665000000E+02    0.3404578486E-23
    0.5670000000E+02    0.6488362966E-23
    0.5675000000E+02    0.5500584894E-22
    0.5680000000E+02    0.5154068065E-22
    0.5685000000E+02    0.8369889164E-22
    0.5690000000E+02    0.7443590032E-22
    0.5695000000E+02    0.8626099572E-22
    0.5700000000E+02    0.5232581294E-22
    0.5705000000E+02    0.5447212139E-22
    0.5710000000E+02    0.1531935933E-22
    0.5715000000E+02    0.1950421826E-22
    0.5720000000E+02   -0.1004871161E-22
    0.5725000000E+02    0.4882571304E-23
    0.5730000000E+02   -0.1727813118E-23
    0.5735000000E+02    0.3840855344E-22
    0.5740000000E+02    0.2982123041E-22
    0.5745000000E+02    0.5544055556E-22
    0.5750000000E+02    0.3867478903E-22
    0.5755000000E+02    0.5509835198E-22
    0.5760000000E+02    0.2769446319E-22
    0.5765000000E+02    0.4126113958E-22
    0.5770000000E+02    0.1477228507E-22
    0.5775000000E+02    0.2605117592E-22
    0.5780000000E+02   -0.9658834170E-23
    0.5785000000E+02   -0.4362267477E-23
    0.5790000000E+02   -0.3077309880E-22
    0.5795000000E+02   -0.1539159173E-22
    0.5800000000E+02   -0.3754615520E-22
    0.5805000000E+02   -0.1402558190E-22
    0.5810000000E+02   -0.2603481027E-22
    0.5815000000E+02    0.2805562222E-24
    0.5820000000E+02   -0.1513204241E-22
    0.5825000000E+02    0.5935639776E-23
    0.5830000000E+02   -0.1477313005E-22
    0.5835000000E+02   -0.4937064240E-23
    0.5840000000E+02   -0.4290494006E-22
    0.5845000000E+02   -0.3790924342E-22
    0.5850000000E+02   -0.6279023284E-22
    0.5855000000E+02   -0.4427141965E-22
    0.5860000000E+02   -0.5979956494E-22
    0.5865000000E+02   -0.3237206145E-22
    0.5870000000E+02   -0.4428331917E-22
    0.5875000000E+02   -0.2470154989E-22
    0.5880000000E+02   -0.4688881940E-22
    0.5885000000E+02   -0.2864679462E-22
    0.5890000000E+02   -0.4445413827E-22
    0.5895000000E+02   -0.2384432052E-22
    0.5900000000E+02   -0.4017512590E-22
    0.5905000000E+02   -0.1553136355E-22
    0.5910000000E+02   -0.2934555574E-22
    0.5915000000E+02   -0.8374065666E-23
    0.5920000000E+02   -0.2616029562E-22
    0.5925000000E+02   -0.7528320791E-23
    0.5930000000E+02   -0.2830925551E-22
    0.5935000000E+02   -0.1230038996E-22
    0.5940000000E+02   -0.3300204250E-22
    0.5945000000E+02   -0.1025004264E-22
    0.5950000000E+02   -0.1962742770E-22
    0.5955000000E+02    0.9938289928E-23
    0.5960000000E+02    0.4106722767E-23
    0.5965000000E+02    0.3313711158E-22
    0.5970000000E+02    0.1941599353E-22
    0.5975000000E+02    0.3692104150E-22
    0.5980000000E+02    0.1145001701E-22
    0.5985000000E+02    0.1722083927E-22
    0.5990000000E+02   -0.1097728955E-22
    0.5995000000E+02   -0.2548777167E-23
    0.6000000000E+02   -0.2662385500E-22
    0.6005000000E+02   -0.1389282098E-22
    0.6010000000E+02   -0.4083753406E-22
    0.6015000000E+02   -0.2782862656E-22
    0.6020000000E+02   -0.4227894874E-22
    0.6025000000E+02   -0.2001436168E-22
    0.6030000000E+02   -0.2248177130E-22
    0.6035000000E+02    0.2579679299E-22
    0.6040000000E+02    0.2889714185E-22
    0.6045000000E+02    0.5464232951E-22
    0.6050000000E+02    0.3809849954E-22
    0.6055000000E+02    0.4838622500E-22
    0.6060000000E+02    0.1540603872E-22
    0.6065000000E+02    0.2180117123E-22
    0.6070000000E+02   -0.1031188438E-23
    0.6075000000E+02    0.1867954864E-22
    0.6080000000E+02    0.3522321686E-23
    0.6085000000E+02    0.2185922527E-22
    0.6090000000E+02    0.6607175584E-23
    0.6095000000E+02    0.2959236937E-22
    0.6100000000E+02    0.9919014088E-23
    0.6105000000E+02    0.2090008337E-22
    0.6110000000E+02   -0.2428787983E-23
    0.6115000000E+02    0.1435828305E-22
    0.6120000000E+02   -0.3438399032E-23
    0.6125000000E+02    0.2006417152E-22
    0.6130000000E+02    0.1666430358E-22
    0.6135000000E+02    0.4595494269E-22
    0.6140000000E+02    0.2839889042E-22
    0.6145000000E+02    0.3917101580E-22
    0.6150000000E+02    0.1030230160E-22
    0.6155000000E+02    0.4213188935E-23
    0.6160000000E+02   -0.3409341426E-22
    0.6165000000E+02   -0.2808785342E-22
    0.6170000000E+02   -0.5276735882E-22
    0.6175000000E+02   -0.3364219040E-22
    0.6180000000E+02   -0.2889017245E-22
    0.6185000000E+02    0.1140118526E-22
    0.6190000000E+02    0.9340480135E-23
    0.6195000000E+02    0.3846018463E-22
    0.6200000000E+02    0.2342165409E-22
    0.6205000000E+02    0.2949651325E-22
    0.6210000000E+02    0.1348856401E-23
    0.6215000000E+02    0.1409443408E-22
    0.6220000000E+02   -0.6092297444E-23
    0.6225000000E+02    0.8865545750E-23
    0.6230000000E+02   -0.9256245375E-23
    0.6235000000E+02    0.5264186384E-23
    0.6240000000E+02   -0.1862644640E-22
    0.6245000000E+02   -0.6169523584E-23
    0.6250000000E+02   -0.2054127465E-22
    0.6255000000E+02    0.2682025401E-23
    0.6260000000E+02   -0.1296297789E-22
    0.6265000000E+02   -0.2090130081E-23
    0.6270000000E+02   -0.2567322457E-22
    0.6275000000E+02   -0.1847934305E-22
    0.6280000000E+02   -0.4699570033E-22
    0.6285000000E+02   -0.3148471834E-22
    0.6290000000E+02   -0.3115809096E-22
    0.6295000000E+02    0.1378884587E-23
    0.6300000000E+02   -0.2838138193E-23
    0.6305000000E+02    0.2621962303E-22
    0.6310000000E+02    0.1654780497E-22
    0.6315000000E+02    0.3111583785E-22
    0.6320000000E+02    0.1189756179E-22
    0.6325000000E+02    0.2390914765E-22
    0.6330000000E+02    0.5962198478E-25
    0.6335000000E+02    0.1069061133E-22
    0.6340000000E+02   -0.1146361116E-22
    0.6345000000E+02    0.6817496974E-24
    0.6350000000E+02   -0.1546272321E-22
    0.6355000000E+02    0.3995789793E-23
    0.6360000000E+02   -0.1028292762E-22
    0.6365000000E+02    0.7438594769E-23
    0.6370000000E+02   -0.3577024446E-23
    0.6375000000E+02    0.2304660796E-22
    0.6380000000E+02    0.1588718432E-22
    0.6385000000E+02    0.3825670284E-22
    0.6390000000E+02    0.2656749998E-22
    0.6395000000E+02    0.3716843265E-22
    0.6400000000E+02    0.1573130914E-23
    0.6405000000E+02   -0.4188386886E-24
    0.6410000000E+02   -0.2437064031E-22
    0.6415000000E+02   -0.8343048156E-23
    0.6420000000E+02   -0.1760013629E-22
    0.6425000000E+02    0.1440541398E-22
    0.6430000000E+02    0.1221624232E-22
    0.6435000000E+02    0.2885788811E-22
    0.6440000000E+02    0.2987833651E-23
    0.6445000000E+02    0.8830805316E-23
    0.6450000000E+02   -0.1879584332E-22
    0.6455000000E+02   -0.1139304045E-22
    0.6460000000E+02   -0.2842434345E-22
    0.6465000000E+02   -0.7308468587E-23
    0.6470000000E+02   -0.1845889176E-22
    0.6475000000E+02    0.3070125038E-23
    0.6480000000E+02   -0.1131298472E-22
    0.6485000000E+02    0.1493925446E-23
    0.6490000000E+02   -0.1869005628E-22
    0.6495000000E+02   -0.4974248289E-23
    0.6500000000E+02   -0.2275242062E-22
    0.6505000000E+02   -0.4120749922E-23
    0.6510000000E+02   -0.1202973992E-22
    0.6515000000E+02    0.1157788517E-22
    0.6520000000E+02    0.2553098723E-23
    0.6525000000E+02    0.2553688299E-22
    0.6530000000E+02    0.1481444680E-22
    0.6535000000E+02    0.3110512359E-22
    0.6540000000E+02    0.1411510903E-22
    0.6545000000E+02    0.2397729226E-22
    0.6550000000E+02   -0.1389269263E-23
    0.6555000000E+02    0.4185927753E-23
    0.6560000000E+02   -0.1797032070E-22
    0.6565000000E+02   -0.6498599065E-23
    0.6570000000E+02   -0.2107374650E-22
    0.6575000000E+02   -0.5884584350E-24
    0.6580000000E+02   -0.1038213426E-22
    0.6585000000E+02    0.1027362843E-22
    0.6590000000E+02    0.9019648555E-25
    0.6595000000E+02    0.1764051442E-22
    0.6600000000E+02    0.1182710811E-23
    0.6605000000E+02    0.1457870981E-22
    0.6610000000E+02   -0.3172612057E-23
    0.6615000000E+02    0.8088858313E-23
    0.6620000000E+02   -0.1088980508E-22
    0.6625000000E+02    0.1536631227E-23
    0.6630000000E+02   -0.1892435889E-22
    0.6635000000E+02   -0.8306804115E-23
    0.6640000000E+02   -0.2398744445E-22
    0.6645000000E+02   -0.6961364126E-23
    0.6650000000E+02   -0.1761741577E-22
    0.6655000000E+02    0.8468421878E-23
    0.6660000000E+02    0.2823139195E-23
    0.6665000000E+02    0.1919725882E-22
    0.6670000000E+02    0.1248868002E-23
    0.6675000000E+02    0.1110824910E-22
    0.6680000000E+02   -0.1105720700E-22
    0.6685000000E+02   -0.1969591541E-23
    0.6690000000E+02   -0.1665525198E-22
    0.6695000000E+02    0.2960954097E-23
    0.6700000000E+02   -0.6755734950E-23
    0.6705000000E+02    0.1061638523E-22
    0.6710000000E+02   -0.2475632341E-23
    0.6715000000E+02    0.1270808879E-22
    0.6720000000E+02   -0.3904368753E-23
    0.6725000000E+02    0.9135965346E-23
    0.6730000000E+02   -0.6328196802E-23
    0.6735000000E+02    0.8681741724E-23
    0.6740000000E+02   -0.2768693759E-23
    0.6745000000E+02    0.1468634632E-22
    0.6750000000E+02    0.6301685699E-24
    0.6755000000E+02    0.1611643699E-22
    0.6760000000E+02    0.8626980227E-24
    0.6765000000E+02    0.9048716876E-23
    0.6770000000E+02   -0.9560222197E-23
    0.6775000000E+02    0.4810292072E-23
    0.6780000000E+02   -0.1077985401E-22
    0.6785000000E+02    0.1042304052E-23
    0.6790000000E+02   -0.1432224606E-22
    0.6795000000E+02   -0.1648638860E-23
    0.6800000000E+02   -0.1859208311E-22
    0.6805000000E+02   -0.5101385656E-23
    0.6810000000E+02   -0.1567023608E-22
    0.6815000000E+02    0.5454606888E-23
    0.6820000000E+02   -0.2977108712E-23
    0.6825000000E+02    0.1475452604E-22
    0.6830000000E+02    0.2552234850E-23
    0.6835000000E+02    0.1542252535E-22
    0.6840000000E+02   -0.2435917370E-23
    0.6845000000E+02    0.8230506098E-23
    0.6850000000E+02   -0.8097260735E-23
    0.6855000000E+02    0.4854623302E-23
    0.6860000000E+02   -0.8872821731E-23
    0.6865000000E+02    0.5819032899E-23
    0.6870000000E+02   -0.6982225019E-23
    0.6875000000E+02    0.9118310426E-23
    0.6880000000E+02   -0.3622685802E-23
    0.6885000000E+02    0.1125876793E-22
    0.6890000000E+02   -0.9501603160E-24
    0.6895000000E+02    0.1323180768E-22
    0.6900000000E+02   -0.3987799102E-24
    0.6905000000E+02    0.1517646956E-22
    0.6910000000E+02    0.1496569944E-23
    0.6915000000E+02    0.1298500419E-22
    0.6920000000E+02   -0.1168755455E-23
    0.6925000000E+02    0.1111494904E-22
    0.6930000000E+02   -0.6241827671E-23
    0.6935000000E+02    0.4879571628E-23
    0.6940000000E+02   -0.9382929651E-23
    0.6945000000E+02    0.2339605157E-23
    0.6950000000E+02   -0.1316491986E-22
    0.6955000000E+02   -0.5655680057E-24
    0.6960000000E+02   -0.1408488982E-22
    0.6965000000E+02   -0.2949630023E-24
    0.6970000000E+02   -0.1272511310E-22
    0.6975000000E+02    0.2609217919E-23
    0.6980000000E+02   -0.7685681788E-23
    0.6985000000E+02    0.7941855488E-23
    0.6990000000E+02   -0.3445114198E-23
    0.6995000000E+02    0.1086853661E-22
    0.7000000000E+02   -0.2783407743E-23
    0.7005000000E+02    0.8353754382E-23
    0.7010000000E+02   -0.6300251604E-23
    0.7015000000E+02    0.6930583285E-23
    0.7020000000E+02   -0.4708501738E-23
    0.7025000000E+02    0.1050854877E-22
    0.7030000000E+02   -0.1279015850E-23
    0.7035000000E+02    0.1121537536E-22
    0.7040000000E+02   -0.5112221289E-23
    0.7045000000E+02    0.4941469647E-23
    0.7050000000E+02   -0.8943998267E-23
    0.7055000000E+02    0.5634506788E-23
    0.7060000000E+02   -0.4229172260E-23
    0.7065000000E+02    0.1180522318E-22
    0.7070000000E+02   -0.1012736413E-23
    0.7075000000E+02    0.8941023526E-23
    0.7080000000E+02   -0.7878411764E-23
    0.7085000000E+02    0.1459344542E-23
    0.7090000000E+02   -0.1181841052E-22
    0.7095000000E+02    0.3469762915E-23
    0.7100000000E+02   -0.5474077974E-23
    0.7105000000E+02    0.1125305266E-22
    0.7110000000E+02    0.1368319150E-23
    0.7115000000E+02    0.1240280765E-22
    0.7120000000E+02   -0.4402495126E-23
    0.7125000000E+02    0.3332810403E-23
    0.7130000000E+02   -0.1473653095E-22
    0.7135000000E+02   -0.6642611629E-23
    0.7140000000E+02   -0.1949986928E-22
    0.7145000000E+02   -0.4943222441E-23
    0.7150000000E+02   -0.1378261423E-22
    0.7155000000E+02    0.2242300293E-23
    0.7160000000E+02   -0.6358599400E-23
    0.7165000000E+02    0.9380935697E-23
    0.7170000000E+02   -0.4442520888E-24
    0.7175000000E+02    0.1294098618E-22
    0.7180000000E+02    0.2123684403E-23
    0.7185000000E+02    0.1402252147E-22
    0.7190000000E+02   -0.1289153251E-23
    0.7195000000E+02    0.7576445388E-23
    0.7200000000E+02   -0.7721170309E-23
    0.7205000000E+02    0.1455408082E-23
    0.7210000000E+02   -0.1195540919E-22
    0.7215000000E+02    0.9722643594E-25
    0.7220000000E+02   -0.1142183874E-22
    0.7225000000E+02    0.2939402909E-23
    0.7230000000E+02   -0.6253243756E-23
    0.7235000000E+02    0.7523866730E-23
    0.7240000000E+02   -0.2850821989E-23
    0.7245000000E+02    0.9560546247E-23
    0.7250000000E+02   -0.3723322475E-23
    0.7255000000E+02    0.5920817852E-23
    0.7260000000E+02   -0.7335049095E-23
    0.7265000000E+02    0.4435599401E-23
    0.7270000000E+02   -0.5636769634E-23
    0.7275000000E+02    0.8502890150E-23
    0.7280000000E+02   -0.9387820191E-24
    0.7285000000E+02    0.1210006069E-22
    0.7290000000E+02    0.4406281309E-24
    0.7295000000E+02    0.1012580537E-22
    0.7300000000E+02   -0.4286987894E-23
    0.7305000000E+02    0.4661350440E-23
    0.7310000000E+02   -0.8509779499E-23
    0.7315000000E+02    0.1661186240E-23
    0.7320000000E+02   -0.1031465768E-22
    0.7325000000E+02    0.1667055250E-23
    0.7330000000E+02   -0.8548144919E-23
    0.7335000000E+02    0.3808242454E-23
    0.7340000000E+02   -0.5933321851E-23
    0.7345000000E+02    0.7025382627E-23
    0.7350000000E+02   -0.3602711901E-23
    0.7355000000E+02    0.7240069333E-23
    0.7360000000E+02   -0.4444744792E-23
    0.7365000000E+02    0.6117260190E-23
    0.7370000000E+02   -0.5463822863E-23
    0.7375000000E+02    0.5960340025E-23
    0.7380000000E+02   -0.4949267442E-23
    0.7385000000E+02    0.4751749777E-23
    0.7390000000E+02   -0.8081153035E-23
    0.7395000000E+02    0.1050753291E-23
    0.7400000000E+02   -0.1172658492E-22
    0.7405000000E+02   -0.8204968952E-24
    0.7410000000E+02   -0.8904368590E-23
    0.7415000000E+02    0.4765568217E-23
    0.7420000000E+02   -0.4309569825E-23
    0.7425000000E+02    0.7070458536E-23
    0.7430000000E+02   -0.4655489528E-23
    0.7435000000E+02    0.3582864887E-23
    0.7440000000E+02   -0.9226493792E-23
    0.7445000000E+02    0.1595956947E-23
    0.7450000000E+02   -0.6216578832E-23
    0.7455000000E+02    0.7786756568E-23
    0.7460000000E+02    0.8096640166E-24
    0.7465000000E+02    0.1422770947E-22
    0.7470000000E+02    0.4383108141E-23
    0.7475000000E+02    0.1348942416E-22
    0.7480000000E+02    0.1263632620E-23
    0.7485000000E+02    0.9174189807E-23
    0.7490000000E+02   -0.2835755822E-23
    0.7495000000E+02    0.7358425794E-23
    0.7500000000E+02   -0.3317252796E-23
    0.7505000000E+02    0.6645962979E-23
    0.7510000000E+02   -0.2966018417E-23
    0.7515000000E+02    0.7205890144E-23
    0.7520000000E+02   -0.4535267976E-23
    0.7525000000E+02    0.4174031444E-23
    0.7530000000E+02   -0.6868676485E-23
    0.7535000000E+02    0.2340307931E-23
    0.7540000000E+02   -0.8268377196E-23
    0.7545000000E+02    0.2128214166E-23
    0.7550000000E+02   -0.6992402121E-23
    0.7555000000E+02    0.3016399352E-23
    0.7560000000E+02   -0.7576287815E-23
    0.7565000000E+02    0.1710187468E-23
    0.7570000000E+02   -0.8499615662E-23
    0.7575000000E+02    0.1483115617E-23
    0.7580000000E+02   -0.7669042070E-23
    0.7585000000E+02    0.2434458207E-23
    0.7590000000E+02   -0.7255365169E-23
    0.7595000000E+02    0.2821223940E-23
    0.7600000000E+02   -0.6820293575E-23
    0.7605000000E+02    0.2649120198E-23
    0.7610000000E+02   -0.5803477515E-23
    0.7615000000E+02    0.5213232604E-23
    0.7620000000E+02   -0.3969967719E-23
    0.7625000000E+02    0.5738034708E-23
    0.7630000000E+02   -0.2467055308E-23
    0.7635000000E+02    0.7631258418E-23
    0.7640000000E+02   -0.1155869025E-23
    0.7645000000E+02    0.9089214276E-23
    0.7650000000E+02   -0.3426948984E-24
    0.7655000000E+02    0.7356762239E-23
    0.7660000000E+02   -0.3411817606E-23
    0.7665000000E+02    0.4089547984E-23
    0.7670000000E+02   -0.7003452028E-23
    0.7675000000E+02    0.1173070768E-23
    0.7680000000E+02   -0.7636192674E-23
    0.7685000000E+02    0.1998228498E-23
    0.7690000000E+02   -0.6107119012E-23
    0.7695000000E+02    0.4714606852E-23
    0.7700000000E+02   -0.2098813850E-23
    0.7705000000E+02    0.8092417668E-23
    0.7710000000E+02    0.1337158900E-24
    0.7715000000E+02    0.9530136318E-23
    0.7720000000E+02    0.1332773177E-26
    0.7725000000E+02    0.7254186693E-23
    0.7730000000E+02   -0.2946752971E-23
    0.7735000000E+02    0.3989492175E-23
    0.7740000000E+02   -0.6244962165E-23
    0.7745000000E+02    0.1809054000E-23
    0.7750000000E+02   -0.7248198368E-23
    0.7755000000E+02    0.2081410297E-24
    0.7760000000E+02   -0.9225869839E-23
    0.7765000000E+02   -0.1408304820E-23
    0.7770000000E+02   -0.1038695953E-22
    0.7775000000E+02   -0.1720464492E-23
    0.7780000000E+02   -0.8298338066E-23
    0.7785000000E+02    0.2068467080E-23
    0.7790000000E+02   -0.4786569485E-23
    0.7795000000E+02    0.4088611543E-23
    0.7800000000E+02   -0.3674593062E-23
    0.7805000000E+02    0.4415368007E-23
    0.7810000000E+02   -0.3685153146E-23
    0.7815000000E+02    0.4960310905E-23
    0.7820000000E+02   -0.2540504547E-23
    0.7825000000E+02    0.5263525888E-23
    0.7830000000E+02   -0.3195546493E-23
    0.7835000000E+02    0.3887563593E-23
    0.7840000000E+02   -0.4840249040E-23
    0.7845000000E+02    0.2990110294E-23
    0.7850000000E+02   -0.4233784374E-23
    0.7855000000E+02    0.4040353213E-23
    0.7860000000E+02   -0.3541837948E-23
    0.7865000000E+02    0.3949840153E-23
    0.7870000000E+02   -0.3983673687E-23
    0.7875000000E+02    0.3533341984E-23
    0.7880000000E+02   -0.3935240210E-23
    0.7885000000E+02    0.3925614423E-23
    0.7890000000E+02   -0.3691769032E-23
    0.7895000000E+02    0.3318324598E-23
    0.7900000000E+02   -0.4804555545E-23
    0.7905000000E+02    0.1918399656E-23
    0.7910000000E+02   -0.5430378834E-23
    0.7915000000E+02    0.2924655065E-23
    0.7920000000E+02   -0.3221537861E-23
    0.7925000000E+02    0.5288205656E-23
    0.7930000000E+02   -0.4725217663E-24
    0.7935000000E+02    0.7560853701E-23
    0.7940000000E+02    0.3575160683E-24
    0.7945000000E+02    0.6773764180E-23
    0.7950000000E+02   -0.1715854848E-23
    0.7955000000E+02    0.3453422141E-23
    0.7960000000E+02   -0.4958259797E-23
    0.7965000000E+02    0.1441360966E-23
    0.7970000000E+02   -0.5366450315E-23
    0.7975000000E+02    0.2123615793E-23
    0.7980000000E+02   -0.3949136935E-23
    0.7985000000E+02    0.3412256171E-23
    0.7990000000E+02   -0.2711312080E-23
    0.7995000000E+02    0.4778684509E-23
    0.8000000000E+02   -0.1027078699E-23
    0.8005000000E+02    0.6180972096E-23
    0.8010000000E+02   -0.1779833771E-24
    0.8015000000E+02    0.5618190511E-23
    0.8020000000E+02   -0.2133831169E-23
    0.8025000000E+02    0.2991938392E-23
    0.8030000000E+02   -0.4514180534E-23
    0.8035000000E+02    0.8847665938E-24
    0.8040000000E+02   -0.5914570872E-23
    0.8045000000E+02    0.1234327946E-24
    0.8050000000E+02   -0.6167339330E-23
    0.8055000000E+02    0.5029966867E-24
    0.8060000000E+02   -0.4769626867E-23
    0.8065000000E+02    0.2178953873E-23
    0.8070000000E+02   -0.2928901005E-23
    0.8075000000E+02    0.3986997867E-23
    0.8080000000E+02   -0.1434824161E-23
    0.8085000000E+02    0.4798531800E-23
    0.8090000000E+02   -0.8588575222E-24
    0.8095000000E+02    0.5138671630E-23
    0.8100000000E+02   -0.4639392171E-24
    0.8105000000E+02    0.5442643117E-23
    0.8110000000E+02   -0.2820398291E-24
    0.8115000000E+02    0.5382219259E-23
    0.8120000000E+02   -0.5936433879E-24
    0.8125000000E+02    0.3828298425E-23
    0.8130000000E+02   -0.3478039962E-23
    0.8135000000E+02    0.4345269727E-24
    0.8140000000E+02   -0.5895219988E-23
    0.8145000000E+02   -0.3199001392E-24
    0.8150000000E+02   -0.4303551734E-23
    0.8155000000E+02    0.3153070136E-23
    0.8160000000E+02   -0.2584943050E-24
    0.8165000000E+02    0.5751375589E-23
    0.8170000000E+02    0.2285575984E-24
    0.8175000000E+02    0.4259826213E-23
    0.8180000000E+02   -0.2294909605E-23
    0.8185000000E+02    0.1641657922E-23
    0.8190000000E+02   -0.4039729016E-23
    0.8195000000E+02    0.3051551600E-24
    0.8200000000E+02   -0.5086767772E-23
    0.8205000000E+02   -0.5135514695E-24
    0.8210000000E+02   -0.5913152132E-23
    0.8215000000E+02   -0.1740803060E-23
    0.8220000000E+02   -0.6454738389E-23
    0.8225000000E+02   -0.1586132196E-23
    0.8230000000E+02   -0.6051072661E-23
    0.8235000000E+02   -0.5366415101E-24
    0.8240000000E+02   -0.3431880856E-23
    0.8245000000E+02    0.2576451551E-23
    0.8250000000E+02   -0.2718147152E-24
    0.8255000000E+02    0.5832977463E-23
    0.8260000000E+02    0.2080948694E-23
    0.8265000000E+02    0.5823701268E-23
    0.8270000000E+02    0.5930858939E-24
    0.8275000000E+02    0.3386064796E-23
    0.8280000000E+02   -0.2457972707E-23
    0.8285000000E+02    0.7125852362E-24
    0.8290000000E+02   -0.3597766083E-23
    0.8295000000E+02    0.2997028833E-24
    0.8300000000E+02   -0.3679291247E-23
    0.8305000000E+02    0.4304854214E-24
    0.8310000000E+02   -0.3415755579E-23
    0.8315000000E+02    0.3329609548E-24
    0.8320000000E+02   -0.2966332449E-23
    0.8325000000E+02    0.1888456897E-23
    0.8330000000E+02   -0.7020486295E-24
    0.8335000000E+02    0.3714183399E-23
    0.8340000000E+02    0.4415822468E-24
    0.8345000000E+02    0.3513440485E-23
    0.8350000000E+02   -0.1192030519E-23
    0.8355000000E+02    0.8385116008E-24
    0.8360000000E+02   -0.3375095036E-23
    0.8365000000E+02    0.2104268111E-24
    0.8370000000E+02   -0.2244012354E-23
    0.8375000000E+02    0.1982518217E-23
    0.8380000000E+02   -0.1064250156E-24
    0.8385000000E+02    0.3541124476E-23
    0.8390000000E+02   -0.1310435061E-24
    0.8395000000E+02    0.1983745242E-23
    0.8400000000E+02   -0.1888914672E-23
    0.8405000000E+02   -0.2150266938E-24
    0.8410000000E+02   -0.4309438399E-23
    0.8415000000E+02   -0.2054584837E-23
    0.8420000000E+02   -0.5001225774E-23
    0.8425000000E+02   -0.2096566727E-23
    0.8430000000E+02   -0.3809735897E-23
    0.8435000000E+02    0.2123294983E-24
    0.8440000000E+02   -0.1265439999E-23
    0.8445000000E+02    0.1872109043E-23
    0.8450000000E+02   -0.2309004014E-24
    0.8455000000E+02    0.2391434589E-23
    0.8460000000E+02    0.2811225582E-24
    0.8465000000E+02    0.2964554004E-23
    0.8470000000E+02    0.8976377056E-24
    0.8475000000E+02    0.2699272132E-23
    0.8480000000E+02   -0.2820241151E-24
    0.8485000000E+02    0.6951538950E-24
    0.8490000000E+02   -0.2388867910E-23
    0.8495000000E+02   -0.9228948579E-24
    0.8500000000E+02   -0.2585459817E-23
    0.8505000000E+02   -0.2879918976E-24
    0.8510000000E+02   -0.1807756310E-23
    0.8515000000E+02   -0.2709900420E-24
    0.8520000000E+02   -0.2533408624E-23
    0.8525000000E+02   -0.1375525082E-23
    0.8530000000E+02   -0.3261385668E-23
    0.8535000000E+02   -0.1818158643E-23
    0.8540000000E+02   -0.2663154688E-23
    0.8545000000E+02   -0.1248016456E-24
    0.8550000000E+02   -0.6672671902E-24
    0.8555000000E+02    0.1358322901E-23
    0.8560000000E+02    0.8221656332E-24
    0.8565000000E+02    0.2432905263E-23
    0.8570000000E+02    0.1299262214E-23
    0.8575000000E+02    0.2341338679E-23
    0.8580000000E+02    0.1206490539E-23
    0.8585000000E+02    0.2142048375E-23
    0.8590000000E+02    0.1338920617E-23
    0.8595000000E+02    0.2430052606E-23
    0.8600000000E+02    0.1944789085E-23
    0.8605000000E+02    0.2979195291E-23
    0.8610000000E+02    0.2317251324E-23
    0.8615000000E+02    0.2719345015E-23
    0.8620000000E+02    0.1759306418E-23
    0.8625000000E+02    0.1714088875E-23
    0.8630000000E+02    0.7090248744E-24
    0.8635000000E+02    0.4718001372E-24
    0.8640000000E+02   -0.5341942786E-24
    0.8645000000E+02   -0.8341471046E-24
    0.8650000000E+02   -0.1628875093E-23
    0.8655000000E+02   -0.2216914906E-23
    0.8660000000E+02   -0.2801349582E-23
    0.8665000000E+02   -0.2950749656E-23
    0.8670000000E+02   -0.2928318422E-23
    0.8675000000E+02   -0.2641618967E-23
    0.8680000000E+02   -0.1717041501E-23
    0.8685000000E+02   -0.1183095180E-23
    0.8690000000E+02   -0.3021217373E-24
    0.8695000000E+02   -0.9457155057E-25
    0.8700000000E+02    0.6751009741E-24
    0.8705000000E+02    0.4272688452E-24
    0.8710000000E+02    0.1177793272E-23
    0.8715000000E+02    0.6682553258E-24
    0.8720000000E+02    0.1002242579E-23
    0.8725000000E+02   -0.2257650051E-24
    0.8730000000E+02    0.5070171553E-25
    0.8735000000E+02   -0.1035537773E-23
    0.8740000000E+02   -0.9565543437E-25
    0.8745000000E+02   -0.6197013437E-24
    0.8750000000E+02    0.9411938380E-24
    0.8755000000E+02    0.1606010632E-24
    0.8760000000E+02    0.9755140648E-24
    0.8765000000E+02   -0.9703665464E-24
    0.8770000000E+02   -0.4784540425E-24
    0.8775000000E+02   -0.2425772774E-23
    0.8780000000E+02   -0.1253580549E-23
    0.8785000000E+02   -0.2475395608E-23
    0.8790000000E+02   -0.3162350229E-24
    0.8795000000E+02   -0.1281645191E-23
    0.8800000000E+02    0.8184907894E-24
    0.8805000000E+02   -0.6773391937E-24
    0.8810000000E+02    0.1327144808E-23
    0.8815000000E+02   -0.5475011009E-24
    0.8820000000E+02    0.1330771810E-23
    0.8825000000E+02   -0.5122982993E-24
    0.8830000000E+02    0.1742083406E-23
    0.8835000000E+02   -0.3068243805E-24
    0.8840000000E+02    0.2056263236E-23
    0.8845000000E+02   -0.1868226137E-24
    0.8850000000E+02    0.1775611866E-23
    0.8855000000E+02   -0.1148445906E-23
    0.8860000000E+02    0.8265707558E-24
    0.8865000000E+02   -0.2241686074E-23
    0.8870000000E+02    0.6650878360E-25
    0.8875000000E+02   -0.2431284583E-23
    0.8880000000E+02    0.6582539271E-24
    0.8885000000E+02   -0.1886431638E-23
    0.8890000000E+02    0.1280943090E-23
    0.8895000000E+02   -0.1486296197E-23
    0.8900000000E+02    0.1353263575E-23
    0.8905000000E+02   -0.2052079927E-23
    0.8910000000E+02    0.1023748842E-23
    0.8915000000E+02   -0.2014364468E-23
    0.8920000000E+02    0.1602899353E-23
    0.8925000000E+02   -0.1281589665E-23
    0.8930000000E+02    0.2739831278E-23
    0.8935000000E+02   -0.4488028514E-24
    0.8940000000E+02    0.2895078244E-23
    0.8945000000E+02   -0.1290612798E-23
    0.8950000000E+02    0.1880648519E-23
    0.8955000000E+02   -0.2436424396E-23
    0.8960000000E+02    0.1115355917E-23
    0.8965000000E+02   -0.2701589673E-23
    0.8970000000E+02    0.1703115757E-23
    0.8975000000E+02   -0.2060452141E-23
    0.8980000000E+02    0.2234451279E-23
    0.8985000000E+02   -0.2112067702E-23
    0.8990000000E+02    0.1939133069E-23
    0.8995000000E+02   -0.2800282370E-23
    0.9000000000E+02    0.1336705295E-23
    0.9005000000E+02   -0.3286332444E-23
    0.9010000000E+02    0.1506288450E-23
    0.9015000000E+02   -0.3007031991E-23
    0.9020000000E+02    0.1811427972E-23
    0.9025000000E+02   -0.2952092616E-23
    0.9030000000E+02    0.1966746595E-23
    0.9035000000E+02   -0.3217284384E-23
    0.9040000000E+02    0.1588808463E-23
    0.9045000000E+02   -0.3756723547E-23
    0.9050000000E+02    0.1298631038E-23
    0.9055000000E+02   -0.4136328391E-23
    0.9060000000E+02    0.1228705891E-23
    0.9065000000E+02   -0.4070469764E-23
    0.9070000000E+02    0.1848683920E-23
    0.9075000000E+02   -0.3252061657E-23
    0.9080000000E+02    0.2920116941E-23
    0.9085000000E+02   -0.2441171131E-23
    0.9090000000E+02    0.3787982601E-23
    0.9095000000E+02   -0.1840854295E-23
    0.9100000000E+02    0.4305165888E-23
    0.9105000000E+02   -0.1622993729E-23
    0.9110000000E+02    0.4838973781E-23
    0.9115000000E+02   -0.1180768111E-23
    0.9120000000E+02    0.5153538152E-23
    0.9125000000E+02   -0.1281816882E-23
    0.9130000000E+02    0.5039258658E-23
    0.9135000000E+02   -0.2075916447E-23
    0.9140000000E+02    0.3898915338E-23
    0.9145000000E+02   -0.3308202208E-23
    0.9150000000E+02    0.3096334521E-23
    0.9155000000E+02   -0.4123161598E-23
    0.9160000000E+02    0.2834709211E-23
    0.9165000000E+02   -0.4046605066E-23
    0.9170000000E+02    0.3201872226E-23
    0.9175000000E+02   -0.3928135988E-23
    0.9180000000E+02    0.3494368817E-23
    0.9185000000E+02   -0.3835255484E-23
    0.9190000000E+02    0.3573899045E-23
    0.9195000000E+02   -0.4185850475E-23
    0.9200000000E+02    0.3035485404E-23
    0.9205000000E+02   -0.5171911478E-23
    0.9210000000E+02    0.2264659033E-23
    0.9215000000E+02   -0.5807834897E-23
    0.9220000000E+02    0.2232693012E-23
    0.9225000000E+02   -0.5435267204E-23
    0.9230000000E+02    0.3309513469E-23
    0.9235000000E+02   -0.4384482339E-23
    0.9240000000E+02    0.4310820624E-23
    0.9245000000E+02   -0.3845330214E-23
    0.9250000000E+02    0.4828162343E-23
    0.9255000000E+02   -0.3765599347E-23
    0.9260000000E+02    0.4792091801E-23
    0.9265000000E+02   -0.4003965943E-23
    0.9270000000E+02    0.4963996744E-23
    0.9275000000E+02   -0.3906615279E-23
    0.9280000000E+02    0.5209723649E-23
    0.9285000000E+02   -0.3734432538E-23
    0.9290000000E+02    0.5540187309E-23
    0.9295000000E+02   -0.3985632264E-23
    0.9300000000E+02    0.5152398070E-23
    0.9305000000E+02   -0.4476969552E-23
    0.9310000000E+02    0.4940328096E-23
    0.9315000000E+02   -0.4846380655E-23
    0.9320000000E+02    0.4951118131E-23
    0.9325000000E+02   -0.4825198318E-23
    0.9330000000E+02    0.5074282483E-23
    0.9335000000E+02   -0.5054268639E-23
    0.9340000000E+02    0.5035709402E-23
    0.9345000000E+02   -0.5211090893E-23
    0.9350000000E+02    0.5114597275E-23
    0.9355000000E+02   -0.5153279066E-23
    0.9360000000E+02    0.5576376126E-23
    0.9365000000E+02   -0.4848408357E-23
    0.9370000000E+02    0.5928118128E-23
    0.9375000000E+02   -0.4938877238E-23
    0.9380000000E+02    0.5517175431E-23
    0.9385000000E+02   -0.6097033152E-23
    0.9390000000E+02    0.4442303628E-23
    0.9395000000E+02   -0.6974948349E-23
    0.9400000000E+02    0.4431786370E-23
    0.9405000000E+02   -0.6330690410E-23
    0.9410000000E+02    0.5942782439E-23
    0.9415000000E+02   -0.4932529477E-23
    0.9420000000E+02    0.6997953794E-23
    0.9425000000E+02   -0.5032198542E-23
    0.9430000000E+02    0.6204429359E-23
    0.9435000000E+02   -0.6409096658E-23
    0.9440000000E+02    0.5058694250E-23
    0.9445000000E+02   -0.7429609380E-23
    0.9450000000E+02    0.4911699098E-23
    0.9455000000E+02   -0.7097285107E-23
    0.9460000000E+02    0.5760546955E-23
    0.9465000000E+02   -0.6303190773E-23
    0.9470000000E+02    0.6840186767E-23
    0.9475000000E+02   -0.5601495947E-23
    0.9480000000E+02    0.7382286505E-23
    0.9485000000E+02   -0.5575240336E-23
    0.9490000000E+02    0.7332185505E-23
    0.9495000000E+02   -0.6093412801E-23
    0.9500000000E+02    0.6907039424E-23
    0.9505000000E+02   -0.6704265964E-23
    0.9510000000E+02    0.6494085428E-23
    0.9515000000E+02   -0.7390799305E-23
    0.9520000000E+02    0.6015024126E-23
    0.9525000000E+02   -0.7975898762E-23
    0.9530000000E+02    0.5843903374E-23
    0.9535000000E+02   -0.7986180731E-23
    0.9540000000E+02    0.6510934569E-23
    0.9545000000E+02   -0.7219289068E-23
    0.9550000000E+02    0.7576645829E-23
    0.9555000000E+02   -0.6433016429E-23
    0.9560000000E+02    0.8327775485E-23
    0.9565000000E+02   -0.6323657620E-23
    0.9570000000E+02    0.8247579103E-23
    0.9575000000E+02   -0.6783388904E-23
    0.9580000000E+02    0.8069555241E-23
    0.9585000000E+02   -0.7067431595E-23
    0.9590000000E+02    0.8154106869E-23
    0.9595000000E+02   -0.6994358618E-23
    0.9600000000E+02    0.8398659724E-23
    0.9605000000E+02   -0.7352643068E-23
    0.9610000000E+02    0.7964611046E-23
    0.9615000000E+02   -0.8103677977E-23
    0.9620000000E+02    0.7389032379E-23
    0.9625000000E+02   -0.8801721488E-23
    0.9630000000E+02    0.7308811332E-23
    0.9635000000E+02   -0.8931876295E-23
    0.9640000000E+02    0.7613163512E-23
    0.9645000000E+02   -0.8771105000E-23
    0.9650000000E+02    0.7950488690E-23
    0.9655000000E+02   -0.8729707360E-23
    0.9660000000E+02    0.8139951183E-23
    0.9665000000E+02   -0.9008253792E-23
    0.9670000000E+02    0.8260415313E-23
    0.9675000000E+02   -0.9003255571E-23
    0.9680000000E+02    0.8317486012E-23
    0.9685000000E+02   -0.8683003999E-23
    0.9690000000E+02    0.8994619207E-23
    0.9695000000E+02   -0.8775435296E-23
    0.9700000000E+02    0.9342371327E-23
    0.9705000000E+02   -0.8290625928E-23
    0.9710000000E+02    0.9378913907E-23
    0.9715000000E+02   -0.8675745085E-23
    0.9720000000E+02    0.9762785734E-23
    0.9725000000E+02   -0.8780501978E-23
    0.9730000000E+02    0.9361388018E-23
    0.9735000000E+02   -0.9246824253E-23
    0.9740000000E+02    0.9422036386E-23
    0.9745000000E+02   -0.9562535748E-23
    0.9750000000E+02    0.9289681573E-23
    0.9755000000E+02   -0.9685126867E-23
    0.9760000000E+02    0.9635571939E-23
    0.9765000000E+02   -0.9589664757E-23
    0.9770000000E+02    0.9928687694E-23
    0.9775000000E+02   -0.9440646170E-23
    0.9780000000E+02    0.1046680641E-22
    0.9785000000E+02   -0.9282676190E-23
    0.9790000000E+02    0.1058640253E-22
    0.9795000000E+02   -0.9628642751E-23
    0.9800000000E+02    0.1028624036E-22
    0.9805000000E+02   -0.1033987158E-22
    0.9810000000E+02    0.9960850001E-23
    0.9815000000E+02   -0.1064514240E-22
    0.9820000000E+02    0.1004541139E-22
    0.9825000000E+02   -0.1074597932E-22
    0.9830000000E+02    0.1030641528E-22
    0.9835000000E+02   -0.1070921694E-22
    0.9840000000E+02    0.1063821387E-22
    0.9845000000E+02   -0.1053040401E-22
    0.9850000000E+02    0.1105844261E-22
    0.9855000000E+02   -0.1070335262E-22
    0.9860000000E+02    0.1073372197E-22
    0.9865000000E+02   -0.1151360865E-22
    0.9870000000E+02    0.1024417097E-22
    0.9875000000E+02   -0.1194110562E-22
    0.9880000000E+02    0.1067040830E-22
    0.9885000000E+02   -0.1121840192E-22
    0.9890000000E+02    0.1186242522E-22
    0.9895000000E+02   -0.1052231910E-22
    0.9900000000E+02    0.1237157564E-22
    0.9905000000E+02   -0.1081735516E-22
    0.9910000000E+02    0.1195690281E-22
    0.9915000000E+02   -0.1152211530E-22
    0.9920000000E+02    0.1193399032E-22
    0.9925000000E+02   -0.1125591817E-22
    0.9930000000E+02    0.1293276276E-22
    0.9935000000E+02   -0.1039396622E-22
    0.9940000000E+02    0.1384126956E-22
    0.9945000000E+02   -0.1024190496E-22
    0.9950000000E+02    0.1379589438E-22
    0.9955000000E+02   -0.1085922485E-22
    0.9960000000E+02    0.1342267421E-22
    0.9965000000E+02   -0.1138750854E-22
    0.9970000000E+02    0.1333879095E-22
    0.9975000000E+02   -0.1174009558E-22
    0.9980000000E+02    0.1310717127E-22
    0.9985000000E+02   -0.1246348190E-22
    0.9990000000E+02    0.1256767786E-22
    0.9995000000E+02   -0.1333257939E-22
    0.1000000000E+03    0.1210632325E-22
    0.1000500000E+03   -0.1384410614E-22
    0.1001000000E+03    0.1213186907E-22
    0.1001500000E+03   -0.1396236533E-22
    0.1002000000E+03    0.1239923857E-22
    0.1002500000E+03   -0.1398642592E-22
    0.1003000000E+03    0.1263112401E-22
    0.1003500000E+03   -0.1416688154E-22
    0.1004000000E+03    0.1261268937E-22
    0.1004500000E+03   -0.1451179399E-22
    0.1005000000E+03    0.1272191948E-22
    0.1005500000E+03   -0.1447471614E-22
    0.1006000000E+03    0.1338532513E-22
    0.1006500000E+03   -0.1374659125E-22
    0.1007000000E+03    0.1462683434E-22
    0.1007500000E+03   -0.1295315828E-22
    0.1008000000E+03    0.1537904773E-22
    0.1008500000E+03   -0.1290898918E-22
    0.1009000000E+03    0.1533717134E-22
    0.1009500000E+03   -0.1359132612E-22
    0.1010000000E+03    0.1490558924E-22
    0.1010500000E+03   -0.1419360102E-22
    0.1011000000E+03    0.1480376738E-22
    0.1011500000E+03   -0.1447508159E-22
    0.1012000000E+03    0.1494554661E-22
    0.1012500000E+03   -0.1465767457E-22
    0.1013000000E+03    0.1502938967E-22
    0.1013500000E+03   -0.1498881388E-22
    0.1014000000E+03    0.1495700478E-22
    0.1014500000E+03   -0.1541522548E-22
    0.1015000000E+03    0.1490650610E-22
    0.1015500000E+03   -0.1579163483E-22
    0.1016000000E+03    0.1483159573E-22
    0.1016500000E+03   -0.1624022081E-22
    0.1017000000E+03    0.1471812321E-22
    0.1017500000E+03   -0.1675020382E-22
    0.1018000000E+03    0.1455982651E-22
    0.1018500000E+03   -0.1708864945E-22
    0.1019000000E+03    0.1481282829E-22
    0.1019500000E+03   -0.1704094502E-22
    0.1020000000E+03    0.1542829124E-22
    0.1020500000E+03   -0.1656416830E-22
    0.1021000000E+03    0.1634085673E-22
    0.1021500000E+03   -0.1611857321E-22
    0.1022000000E+03    0.1712356971E-22
    0.1022500000E+03   -0.1586384109E-22
    0.1023000000E+03    0.1763283519E-22
    0.1023500000E+03   -0.1595188086E-22
