    0.0000000000E+00    0.3248960596E-23
    0.5000000000E-01   -0.1781467136E-24
    0.1000000000E+00    0.3187741093E-23
    0.1500000000E+00   -0.1791799476E-24
    0.2000000000E+00    0.5118725751E-23
    0.2500000000E+00    0.3385631933E-23
    0.3000000000E+00    0.8913443500E-23
    0.3500000000E+00    0.7256885680E-23
    0.4000000000E+00    0.1200128243E-22
    0.4500000000E+00    0.6526623689E-23
    0.5000000000E+00    0.8302580593E-23
    0.5500000000E+00    0.2550914120E-23
    0.6000000000E+00    0.4252487120E-23
    0.6500000000E+00   -0.1301709425E-23
    0.7000000000E+00    0.2039960497E-23
    0.7500000000E+00   -0.2284548208E-23
    0.8000000000E+00    0.1102528578E-23
    0.8500000000E+00   -0.3226484536E-23
    0.9000000000E+00    0.3741098026E-24
    0.9500000000E+00   -0.3683969607E-23
    0.1000000000E+01    0.2349293879E-24
    0.1050000000E+01   -0.3611113604E-23
    0.1100000000E+01    0.6233485447E-24
    0.1150000000E+01   -0.3036474971E-23
    0.1200000000E+01    0.1227136017E-23
    0.1250000000E+01   -0.2656382107E-23
    0.1300000000E+01    0.1441679906E-23
    0.1350000000E+01   -0.2700513055E-23
    0.1400000000E+01    0.1188845819E-23
    0.1450000000E+01   -0.3055253876E-23
    0.1500000000E+01    0.1088223443E-23
    0.1550000000E+01   -0.2907623823E-23
    0.1600000000E+01    0.1510685145E-23
    0.1650000000E+01   -0.2255155129E-23
    0.1700000000E+01    0.2429495349E-23
    0.1750000000E+01   -0.1392927703E-23
    0.1800000000E+01    0.3106594442E-23
    0.1850000000E+01   -0.1010608052E-23
    0.1900000000E+01    0.3265485332E-23
    0.1950000000E+01   -0.1161680699E-23
    0.2000000000E+01    0.3046861235E-23
    0.2050000000E+01   -0.1299208554E-23
    0.2100000000E+01    0.3141096027E-23
    0.2150000000E+01   -0.1080986187E-23
    0.2200000000E+01    0.3550563785E-23
    0.2250000000E+01   -0.7164666152E-24
    0.2300000000E+01    0.3694317154E-23
    0.2350000000E+01   -0.9803541381E-24
    0.2400000000E+01    0.3163747228E-23
    0.2450000000E+01   -0.1820649475E-23
    0.2500000000E+01    0.2231939883E-23
    0.2550000000E+01   -0.2633183018E-23
    0.2600000000E+01    0.1818680054E-23
    0.2650000000E+01   -0.2821974347E-23
    0.2700000000E+01    0.1779968431E-23
    0.2750000000E+01   -0.2916380117E-23
    0.2800000000E+01    0.1547623174E-23
    0.2850000000E+01   -0.3514389190E-23
    0.2900000000E+01    0.8121293532E-24
    0.2950000000E+01   -0.4180229399E-23
    0.3000000000E+01    0.4762177419E-24
    0.3050000000E+01   -0.4245979533E-23
    0.3100000000E+01    0.7630724963E-24
    0.3150000000E+01   -0.3835668891E-23
    0.3200000000E+01    0.1181210500E-23
    0.3250000000E+01   -0.3572403455E-23
    0.3300000000E+01    0.1480987420E-23
    0.3350000000E+01   -0.3200500285E-23
    0.3400000000E+01    0.2165841186E-23
    0.3450000000E+01   -0.2188857047E-23
    0.3500000000E+01    0.3540190469E-23
    0.3550000000E+01   -0.7922914567E-24
    0.3600000000E+01    0.4800121680E-23
    0.3650000000E+01    0.1530099291E-25
    0.3700000000E+01    0.5061063157E-23
    0.3750000000E+01   -0.4084754200E-24
    0.3800000000E+01    0.4274193037E-23
    0.3850000000E+01   -0.1380778557E-23
    0.3900000000E+01    0.3416400626E-23
    0.3950000000E+01   -0.2030803485E-23
    0.4000000000E+01    0.3207920108E-23
    0.4050000000E+01   -0.2041228985E-23
    0.4100000000E+01    0.3196644362E-23
    0.4150000000E+01   -0.2601270681E-23
    0.4200000000E+01    0.2007708978E-23
    0.4250000000E+01   -0.4325341951E-23
    0.4300000000E+01    0.1059550539E-24
    0.4350000000E+01   -0.6094558794E-23
    0.4400000000E+01   -0.5725034006E-24
    0.4450000000E+01   -0.5564658413E-23
    0.4500000000E+01    0.6953894562E-24
    0.4550000000E+01   -0.3937236405E-23
    0.4600000000E+01    0.2431092266E-23
    0.4650000000E+01   -0.2933150545E-23
    0.4700000000E+01    0.2655785158E-23
    0.4750000000E+01   -0.3194930336E-23
    0.4800000000E+01    0.2140044922E-23
    0.4850000000E+01   -0.3841011669E-23
    0.4900000000E+01    0.1882657827E-23
    0.4950000000E+01   -0.3738614939E-23
    0.5000000000E+01    0.2308104335E-23
    0.5050000000E+01   -0.3255404502E-23
    0.5100000000E+01    0.2746954143E-23
    0.5150000000E+01   -0.3215235193E-23
    0.5200000000E+01    0.2498625848E-23
    0.5250000000E+01   -0.3674174493E-23
    0.5300000000E+01    0.2215720719E-23
    0.5350000000E+01   -0.3698724779E-23
    0.5400000000E+01    0.2676847528E-23
    0.5450000000E+01   -0.2927200934E-23
    0.5500000000E+01    0.3687675221E-23
    0.5550000000E+01   -0.2045258421E-23
    0.5600000000E+01    0.4382728293E-23
    0.5650000000E+01   -0.1713374847E-23
    0.5700000000E+01    0.4405982095E-23
    0.5750000000E+01   -0.2370483717E-23
    0.5800000000E+01    0.3347116293E-23
    0.5850000000E+01   -0.3577240865E-23
    0.5900000000E+01    0.2223417623E-23
    0.5950000000E+01   -0.4566679282E-23
    0.6000000000E+01    0.2066947430E-23
    0.6050000000E+01   -0.4181948655E-23
    0.6100000000E+01    0.2535089030E-23
    0.6150000000E+01   -0.3890559748E-23
    0.6200000000E+01    0.2719547160E-23
    0.6250000000E+01   -0.4177664742E-23
    0.6300000000E+01    0.2253370531E-23
    0.6350000000E+01   -0.4583729470E-23
    0.6400000000E+01    0.2166297588E-23
    0.6450000000E+01   -0.4466192502E-23
    0.6500000000E+01    0.2627587642E-23
    0.6550000000E+01   -0.3899593628E-23
    0.6600000000E+01    0.3262261038E-23
    0.6650000000E+01   -0.3535430135E-23
    0.6700000000E+01    0.3470584383E-23
    0.6750000000E+01   -0.3627936559E-23
    0.6800000000E+01    0.3318124707E-23
    0.6850000000E+01   -0.4713283594E-23
    0.6900000000E+01    0.9120813551E-24
    0.6950000000E+01   -0.7701380969E-23
    0.7000000000E+01   -0.1990171852E-23
    0.7050000000E+01   -0.1079593982E-22
    0.7100000000E+01   -0.3419083929E-23
    0.7150000000E+01   -0.9305700540E-23
    0.7200000000E+01   -0.5928216576E-24
    0.7250000000E+01   -0.6339313896E-23
    0.7300000000E+01    0.2857870145E-23
    0.7350000000E+01   -0.3483779212E-23
    0.7400000000E+01    0.4423542414E-23
    0.7450000000E+01   -0.2713502935E-23
    0.7500000000E+01    0.4935197586E-23
    0.7550000000E+01   -0.2800857342E-23
    0.7600000000E+01    0.4496489511E-23
    0.7650000000E+01   -0.3549987868E-23
    0.7700000000E+01    0.3912069213E-23
    0.7750000000E+01   -0.3918990232E-23
    0.7800000000E+01    0.4032790412E-23
    0.7850000000E+01   -0.3580908167E-23
    0.7900000000E+01    0.4559912242E-23
    0.7950000000E+01   -0.3198023253E-23
    0.8000000000E+01    0.5052985830E-23
    0.8050000000E+01   -0.2885812061E-23
    0.8100000000E+01    0.5201388876E-23
    0.8150000000E+01   -0.2950318890E-23
    0.8200000000E+01    0.5139333639E-23
    0.8250000000E+01   -0.3586680395E-23
    0.8300000000E+01    0.4249694223E-23
    0.8350000000E+01   -0.4466968371E-23
    0.8400000000E+01    0.3554661875E-23
    0.8450000000E+01   -0.5087588332E-23
    0.8500000000E+01    0.3437694280E-23
    0.8550000000E+01   -0.5044315012E-23
    0.8600000000E+01    0.3622404706E-23
    0.8650000000E+01   -0.4860840056E-23
    0.8700000000E+01    0.3910570837E-23
    0.8750000000E+01   -0.4656448839E-23
    0.8800000000E+01    0.4430260237E-23
    0.8850000000E+01   -0.4056069572E-23
    0.8900000000E+01    0.5142086190E-23
    0.8950000000E+01   -0.3532216664E-23
    0.9000000000E+01    0.5609850594E-23
    0.9050000000E+01   -0.3447299800E-23
    0.9100000000E+01    0.5537008144E-23
    0.9150000000E+01   -0.3759876709E-23
    0.9200000000E+01    0.5411687096E-23
    0.9250000000E+01   -0.3832060316E-23
    0.9300000000E+01    0.5555841640E-23
    0.9350000000E+01   -0.3730390075E-23
    0.9400000000E+01    0.5781591864E-23
    0.9450000000E+01   -0.3828820753E-23
    0.9500000000E+01    0.5451914764E-23
    0.9550000000E+01   -0.4413999076E-23
    0.9600000000E+01    0.5139753642E-23
    0.9650000000E+01   -0.4694906737E-23
    0.9700000000E+01    0.5128241845E-23
    0.9750000000E+01   -0.4500624866E-23
    0.9800000000E+01    0.5584199136E-23
    0.9850000000E+01   -0.4524404259E-23
    0.9900000000E+01    0.5363052227E-23
    0.9950000000E+01   -0.4946206999E-23
    0.1000000000E+02    0.4923976855E-23
    0.1005000000E+02   -0.5620134674E-23
    0.1010000000E+02    0.4554431948E-23
    0.1015000000E+02   -0.5888103272E-23
    0.1020000000E+02    0.4526784831E-23
    0.1025000000E+02   -0.5999824036E-23
    0.1030000000E+02    0.4531081707E-23
    0.1035000000E+02   -0.6202771620E-23
    0.1040000000E+02    0.4384241084E-23
    0.1045000000E+02   -0.6517254232E-23
    0.1050000000E+02    0.4295642952E-23
    0.1055000000E+02   -0.6517769733E-23
    0.1060000000E+02    0.4674259780E-23
    0.1065000000E+02   -0.6165731515E-23
    0.1070000000E+02    0.5099571062E-23
    0.1075000000E+02   -0.6087431430E-23
    0.1080000000E+02    0.5153319032E-23
    0.1085000000E+02   -0.6226608173E-23
    0.1090000000E+02    0.5319794803E-23
    0.1095000000E+02   -0.5779482175E-23
    0.1100000000E+02    0.6413241138E-23
    0.1105000000E+02   -0.4635190796E-23
    0.1110000000E+02    0.7643171403E-23
    0.1115000000E+02   -0.3839352727E-23
    0.1120000000E+02    0.8068362399E-23
    0.1125000000E+02   -0.4155828993E-23
    0.1130000000E+02    0.7576787877E-23
    0.1135000000E+02   -0.4951157601E-23
    0.1140000000E+02    0.6844862413E-23
    0.1145000000E+02   -0.5854088732E-23
    0.1150000000E+02    0.6261957574E-23
    0.1155000000E+02   -0.6493110866E-23
    0.1160000000E+02    0.5777208207E-23
    0.1165000000E+02   -0.7171098916E-23
    0.1170000000E+02    0.5320519508E-23
    0.1175000000E+02   -0.7849481728E-23
    0.1180000000E+02    0.4816883283E-23
    0.1185000000E+02   -0.8306358874E-23
    0.1190000000E+02    0.4921556350E-23
    0.1195000000E+02   -0.8043938446E-23
    0.1200000000E+02    0.5673671941E-23
    0.1205000000E+02   -0.7314861954E-23
    0.1210000000E+02    0.6494324009E-23
    0.1215000000E+02   -0.6995083512E-23
    0.1220000000E+02    0.6657001478E-23
    0.1225000000E+02   -0.7338186931E-23
    0.1230000000E+02    0.6356830606E-23
    0.1235000000E+02   -0.7732466996E-23
    0.1240000000E+02    0.6538344953E-23
    0.1245000000E+02   -0.7311570907E-23
    0.1250000000E+02    0.7549112400E-23
    0.1255000000E+02   -0.6303547774E-23
    0.1260000000E+02    0.8680319055E-23
    0.1265000000E+02   -0.5816283095E-23
    0.1270000000E+02    0.8833397935E-23
    0.1275000000E+02   -0.6357335068E-23
    0.1280000000E+02    0.8269788263E-23
    0.1285000000E+02   -0.7138586930E-23
    0.1290000000E+02    0.7983254778E-23
    0.1295000000E+02   -0.7278787937E-23
    0.1300000000E+02    0.8410249080E-23
    0.1305000000E+02   -0.7013544581E-23
    0.1310000000E+02    0.8753770221E-23
    0.1315000000E+02   -0.7225867327E-23
    0.1320000000E+02    0.8452354132E-23
    0.1325000000E+02   -0.8067995490E-23
    0.1330000000E+02    0.7788758366E-23
    0.1335000000E+02   -0.8829482300E-23
    0.1340000000E+02    0.7615610788E-23
    0.1345000000E+02   -0.8941542972E-23
    0.1350000000E+02    0.8004842746E-23
    0.1355000000E+02   -0.8752239931E-23
    0.1360000000E+02    0.8386657903E-23
    0.1365000000E+02   -0.8918477583E-23
    0.1370000000E+02    0.8217716421E-23
    0.1375000000E+02   -0.9527548242E-23
    0.1380000000E+02    0.7927145040E-23
    0.1385000000E+02   -0.9976796145E-23
    0.1390000000E+02    0.8041860187E-23
    0.1395000000E+02   -0.9910971089E-23
    0.1400000000E+02    0.8578032610E-23
    0.1405000000E+02   -0.9671734677E-23
    0.1410000000E+02    0.9102903022E-23
    0.1415000000E+02   -0.9539360345E-23
    0.1420000000E+02    0.9514799673E-23
    0.1425000000E+02   -0.9500587144E-23
    0.1430000000E+02    0.9941160785E-23
    0.1435000000E+02   -0.9351107505E-23
    0.1440000000E+02    0.1051119348E-22
    0.1445000000E+02   -0.9097666646E-23
    0.1450000000E+02    0.1113985828E-22
    0.1455000000E+02   -0.8950262652E-23
    0.1460000000E+02    0.1150010855E-22
    0.1465000000E+02   -0.9173602832E-23
    0.1470000000E+02    0.1147934979E-22
    0.1475000000E+02   -0.9732987022E-23
    0.1480000000E+02    0.1130504060E-22
    0.1485000000E+02   -0.1033627933E-22
    0.1490000000E+02    0.1109027268E-22
    0.1495000000E+02   -0.1099763287E-22
    0.1500000000E+02    0.1089975716E-22
    0.1505000000E+02   -0.1162522983E-22
    0.1510000000E+02    0.1079211353E-22
    0.1515000000E+02   -0.1202086926E-22
    0.1520000000E+02    0.1107691917E-22
    0.1525000000E+02   -0.1213615543E-22
    0.1530000000E+02    0.1142186237E-22
    0.1535000000E+02   -0.1243582322E-22
    0.1540000000E+02    0.1142066388E-22
    0.1545000000E+02   -0.1317878072E-22
    0.1550000000E+02    0.1116283718E-22
    0.1555000000E+02   -0.1379451333E-22
    0.1560000000E+02    0.1148906134E-22
    0.1565000000E+02   -0.1363373525E-22
    0.1570000000E+02    0.1258287024E-22
    0.1575000000E+02   -0.1296865578E-22
    0.1580000000E+02    0.1378808059E-22
    0.1585000000E+02   -0.1268010222E-22
    0.1590000000E+02    0.1432242963E-22
    0.1595000000E+02   -0.1323258419E-22
    0.1600000000E+02    0.1415775675E-22
    0.1605000000E+02   -0.1414713437E-22
    0.1610000000E+02    0.1410984533E-22
    0.1615000000E+02   -0.1458864153E-22
    0.1620000000E+02    0.1489599085E-22
    0.1625000000E+02   -0.1417993584E-22
    0.1630000000E+02    0.1620649027E-22
    0.1635000000E+02   -0.1384472938E-22
    0.1640000000E+02    0.1704860661E-22
    0.1645000000E+02   -0.1437406183E-22
    0.1650000000E+02    0.1689463611E-22
    0.1655000000E+02   -0.1571692120E-22
    0.1660000000E+02    0.1653167047E-22
    0.1665000000E+02   -0.1687281063E-22
    0.1670000000E+02    0.1665956781E-22
    0.1675000000E+02   -0.1766275899E-22
    0.1680000000E+02    0.1687935717E-22
    0.1685000000E+02   -0.1852363778E-22
    0.1690000000E+02    0.1736118229E-22
    0.1695000000E+02   -0.1943412796E-22
    0.1700000000E+02    0.1743834647E-22
    0.1705000000E+02   -0.2055226330E-22
    0.1710000000E+02    0.1787686835E-22
    0.1715000000E+02   -0.2136394824E-22
    0.1720000000E+02    0.1936698639E-22
    0.1725000000E+02   -0.2042760809E-22
    0.1730000000E+02    0.2207221156E-22
    0.1735000000E+02   -0.2043099763E-22
    0.1740000000E+02    0.2249197035E-22
    0.1745000000E+02   -0.2311925167E-22
    0.1750000000E+02    0.2150076432E-22
    0.1755000000E+02   -0.2545775564E-22
    0.1760000000E+02    0.2316522020E-22
    0.1765000000E+02   -0.2472287653E-22
    0.1770000000E+02    0.2707877055E-22
    0.1775000000E+02   -0.2427147772E-22
    0.1780000000E+02    0.2931543021E-22
    0.1785000000E+02   -0.2679360693E-22
    0.1790000000E+02    0.2965135211E-22
    0.1795000000E+02   -0.3054569583E-22
    0.1800000000E+02    0.3098290729E-22
    0.1805000000E+02   -0.3345526892E-22
    0.1810000000E+02    0.3439626526E-22
    0.1815000000E+02   -0.3638566391E-22
    0.1820000000E+02    0.3898052062E-22
    0.1825000000E+02   -0.4083806719E-22
    0.1830000000E+02    0.4535627429E-22
    0.1835000000E+02   -0.4746836061E-22
    0.1840000000E+02    0.5598222759E-22
    0.1845000000E+02   -0.5935337414E-22
    0.1850000000E+02    0.7395536786E-22
    0.1855000000E+02   -0.8910749152E-22
    0.1860000000E+02    0.1180916590E-21
    0.1865000000E+02   -0.1879679538E-21
    0.1870000000E+02    0.3755145263E-21
    0.1875000000E+02   -0.2436391677E-20
    0.1880000000E+02   -0.1500791299E-19
    0.1885000000E+02   -0.2096345919E-19
    0.1890000000E+02   -0.2612183878E-19
    0.1895000000E+02   -0.2308048821E-19
    0.1900000000E+02   -0.9346070821E-20
    0.1905000000E+02    0.1720791457E-19
    0.1910000000E+02    0.3076002091E-19
    0.1915000000E+02    0.3775414886E-19
    0.1920000000E+02    0.2580643849E-19
    0.1925000000E+02    0.9180556457E-20
    0.1930000000E+02   -0.4786345301E-20
    0.1935000000E+02   -0.1361367425E-19
    0.1940000000E+02   -0.9766127652E-20
    0.1945000000E+02    0.4370895464E-20
    0.1950000000E+02    0.6008967871E-20
    0.1955000000E+02    0.4605234693E-20
    0.1960000000E+02    0.4302012154E-20
    0.1965000000E+02   -0.2810324528E-20
    0.1970000000E+02   -0.9972690123E-20
    0.1975000000E+02   -0.5135065043E-20
    0.1980000000E+02   -0.4509005820E-20
    0.1985000000E+02   -0.2894786797E-20
    0.1990000000E+02   -0.1353326671E-20
    0.1995000000E+02    0.4447019721E-21
    0.2000000000E+02   -0.2084039243E-20
    0.2005000000E+02   -0.1205823546E-20
    0.2010000000E+02   -0.2113160119E-20
    0.2015000000E+02   -0.1960179850E-20
    0.2020000000E+02    0.1435317737E-20
    0.2025000000E+02    0.5662620623E-20
    0.2030000000E+02    0.7791735417E-20
    0.2035000000E+02    0.8841762723E-20
    0.2040000000E+02    0.7943811684E-20
    0.2045000000E+02   -0.7765075053E-21
    0.2050000000E+02   -0.5577390908E-20
    0.2055000000E+02   -0.9107550708E-20
    0.2060000000E+02   -0.7008351249E-20
    0.2065000000E+02   -0.5399578072E-20
    0.2070000000E+02    0.3690390211E-21
    0.2075000000E+02    0.2461054597E-20
    0.2080000000E+02    0.2168582792E-20
    0.2085000000E+02   -0.3617564977E-20
    0.2090000000E+02   -0.6266479123E-20
    0.2095000000E+02   -0.7277086781E-20
    0.2100000000E+02   -0.5744532759E-20
    0.2105000000E+02   -0.2383458753E-20
    0.2110000000E+02    0.1218450842E-20
    0.2115000000E+02    0.5333866394E-20
    0.2120000000E+02    0.5801318656E-20
    0.2125000000E+02    0.1871584665E-20
    0.2130000000E+02   -0.1483313714E-20
    0.2135000000E+02   -0.6926536159E-21
    0.2140000000E+02   -0.1880831398E-20
    0.2145000000E+02   -0.7334148565E-21
    0.2150000000E+02    0.4024587739E-20
    0.2155000000E+02    0.8668662963E-20
    0.2160000000E+02    0.7141326043E-20
    0.2165000000E+02    0.5698994867E-20
    0.2170000000E+02    0.2393768755E-20
    0.2175000000E+02   -0.1578455696E-21
    0.2180000000E+02   -0.4864667154E-20
    0.2185000000E+02   -0.4779201900E-20
    0.2190000000E+02   -0.4618334534E-20
    0.2195000000E+02   -0.2512370546E-20
    0.2200000000E+02   -0.1136798586E-20
    0.2205000000E+02    0.1745190832E-20
    0.2210000000E+02    0.1679956119E-20
    0.2215000000E+02    0.1907274491E-20
    0.2220000000E+02    0.2060921952E-20
    0.2225000000E+02    0.4713112964E-22
    0.2230000000E+02   -0.3099502242E-20
    0.2235000000E+02   -0.2926399471E-20
    0.2240000000E+02   -0.4282163736E-20
    0.2245000000E+02   -0.5717727306E-20
    0.2250000000E+02   -0.4551431043E-20
    0.2255000000E+02   -0.2128113391E-20
    0.2260000000E+02   -0.3033649061E-20
    0.2265000000E+02   -0.1462396593E-20
    0.2270000000E+02   -0.1450638164E-20
    0.2275000000E+02   -0.5339928466E-20
    0.2280000000E+02   -0.3616366127E-20
    0.2285000000E+02    0.7749829075E-21
    0.2290000000E+02    0.1923876754E-20
    0.2295000000E+02    0.7583047472E-20
    0.2300000000E+02    0.1572539173E-19
    0.2305000000E+02    0.1131797998E-19
    0.2310000000E+02    0.6531714474E-20
    0.2315000000E+02    0.4498312977E-20
    0.2320000000E+02   -0.3571315405E-20
    0.2325000000E+02   -0.8815014701E-20
    0.2330000000E+02   -0.5556266859E-20
    0.2335000000E+02   -0.4520711365E-20
    0.2340000000E+02   -0.4843207823E-20
    0.2345000000E+02   -0.5263026710E-21
    0.2350000000E+02    0.1257951630E-20
    0.2355000000E+02    0.8043003144E-21
    0.2360000000E+02    0.2254785982E-20
    0.2365000000E+02    0.4936625441E-20
    0.2370000000E+02    0.4763365222E-20
    0.2375000000E+02    0.3645940245E-20
    0.2380000000E+02    0.3687684682E-20
    0.2385000000E+02    0.2927433555E-20
    0.2390000000E+02    0.3642911426E-21
    0.2395000000E+02   -0.8577967518E-21
    0.2400000000E+02   -0.1871035161E-20
    0.2405000000E+02   -0.4362425495E-20
    0.2410000000E+02   -0.5003172031E-20
    0.2415000000E+02   -0.3678445964E-20
    0.2420000000E+02   -0.3978038197E-20
    0.2425000000E+02   -0.3886332349E-20
    0.2430000000E+02   -0.1302998872E-20
    0.2435000000E+02    0.3794886711E-21
    0.2440000000E+02   -0.8360374837E-21
    0.2445000000E+02    0.9701932463E-21
    0.2450000000E+02    0.3594758949E-20
    0.2455000000E+02    0.3162464775E-20
    0.2460000000E+02    0.1364741660E-20
    0.2465000000E+02    0.3054236027E-20
    0.2470000000E+02   -0.6372948339E-21
    0.2475000000E+02   -0.2193008989E-20
    0.2480000000E+02   -0.1186416949E-20
    0.2485000000E+02   -0.3120866694E-21
    0.2490000000E+02   -0.1197721170E-20
    0.2495000000E+02    0.3716217270E-20
    0.2500000000E+02    0.3544447033E-20
    0.2505000000E+02    0.2149240500E-20
    0.2510000000E+02    0.2028737224E-20
    0.2515000000E+02    0.2499888358E-20
    0.2520000000E+02    0.1776679827E-20
    0.2525000000E+02    0.3014549050E-20
    0.2530000000E+02    0.2785457497E-20
    0.2535000000E+02    0.1834165665E-20
    0.2540000000E+02    0.1608699856E-20
    0.2545000000E+02   -0.2910628540E-21
    0.2550000000E+02   -0.1753007443E-20
    0.2555000000E+02   -0.1588946636E-20
    0.2560000000E+02   -0.4804503945E-21
    0.2565000000E+02   -0.1020775643E-20
    0.2570000000E+02   -0.7677481860E-21
    0.2575000000E+02   -0.3126396026E-21
    0.2580000000E+02    0.2397103437E-21
    0.2585000000E+02   -0.6868756103E-23
    0.2590000000E+02   -0.3599472053E-21
    0.2595000000E+02   -0.5887027952E-21
    0.2600000000E+02   -0.4786651954E-21
    0.2605000000E+02   -0.9255796555E-21
    0.2610000000E+02   -0.1332680667E-20
    0.2615000000E+02   -0.1800499178E-21
    0.2620000000E+02    0.4995373654E-21
    0.2625000000E+02   -0.1841526247E-21
    0.2630000000E+02   -0.4733881176E-21
    0.2635000000E+02    0.4795449691E-22
    0.2640000000E+02   -0.7155993412E-21
    0.2645000000E+02   -0.9018393872E-21
    0.2650000000E+02   -0.3709718851E-21
    0.2655000000E+02   -0.1524606611E-21
    0.2660000000E+02   -0.4918243477E-22
    0.2665000000E+02    0.2701706707E-21
    0.2670000000E+02    0.1432452483E-21
    0.2675000000E+02    0.6479694771E-21
    0.2680000000E+02    0.1482131079E-20
    0.2685000000E+02    0.1120703584E-20
    0.2690000000E+02    0.1344277270E-20
    0.2695000000E+02    0.1666562941E-20
    0.2700000000E+02    0.8208306352E-21
    0.2705000000E+02   -0.1280858049E-21
    0.2710000000E+02   -0.2454401797E-21
    0.2715000000E+02   -0.4909374943E-21
    0.2720000000E+02   -0.1205466340E-20
    0.2725000000E+02   -0.1108486159E-20
    0.2730000000E+02   -0.7769861597E-21
    0.2735000000E+02   -0.5510324735E-21
    0.2740000000E+02   -0.7147082836E-21
    0.2745000000E+02    0.3349395915E-22
    0.2750000000E+02    0.3338485690E-21
    0.2755000000E+02    0.3250019675E-21
    0.2760000000E+02    0.3513321848E-21
    0.2765000000E+02    0.4201173385E-21
    0.2770000000E+02   -0.3518333294E-21
    0.2775000000E+02   -0.5189214482E-21
    0.2780000000E+02   -0.8278449230E-21
    0.2785000000E+02   -0.1340465210E-20
    0.2790000000E+02   -0.1530830467E-20
    0.2795000000E+02   -0.7255101815E-21
    0.2800000000E+02   -0.4839047120E-21
    0.2805000000E+02    0.2658143589E-21
    0.2810000000E+02    0.1091156412E-20
    0.2815000000E+02    0.1516646911E-20
    0.2820000000E+02    0.1079997985E-20
    0.2825000000E+02    0.4909860670E-21
    0.2830000000E+02   -0.5060090206E-21
    0.2835000000E+02   -0.9978740748E-21
    0.2840000000E+02   -0.1409608211E-20
    0.2845000000E+02   -0.1442732199E-20
    0.2850000000E+02   -0.6459921139E-21
    0.2855000000E+02    0.6626450791E-22
    0.2860000000E+02    0.4329750806E-22
    0.2865000000E+02    0.3849830856E-21
    0.2870000000E+02    0.6063666247E-21
    0.2875000000E+02    0.2532671204E-22
    0.2880000000E+02   -0.2543032056E-21
    0.2885000000E+02   -0.9665580416E-22
    0.2890000000E+02   -0.2690027500E-21
    0.2895000000E+02   -0.3790474533E-21
    0.2900000000E+02   -0.7912856154E-22
    0.2905000000E+02    0.1046153496E-21
    0.2910000000E+02    0.3767425984E-22
    0.2915000000E+02    0.1169000012E-21
    0.2920000000E+02   -0.6095352198E-22
    0.2925000000E+02   -0.3152275968E-21
    0.2930000000E+02   -0.5553234136E-21
    0.2935000000E+02   -0.6799732457E-21
    0.2940000000E+02   -0.8832868892E-21
    0.2945000000E+02   -0.5886005665E-21
    0.2950000000E+02   -0.2862919460E-21
    0.2955000000E+02    0.3716046034E-21
    0.2960000000E+02    0.7917782781E-21
    0.2965000000E+02    0.1272600917E-20
    0.2970000000E+02    0.1395599866E-20
    0.2975000000E+02    0.1410122491E-20
    0.2980000000E+02    0.7119537600E-21
    0.2985000000E+02    0.4504191196E-21
    0.2990000000E+02    0.5835840632E-22
    0.2995000000E+02   -0.3124187125E-21
    0.3000000000E+02   -0.6793779924E-21
    0.3005000000E+02   -0.7062164782E-21
    0.3010000000E+02   -0.9775358769E-21
    0.3015000000E+02   -0.9918653133E-21
    0.3020000000E+02   -0.9047145943E-21
    0.3025000000E+02   -0.7185087588E-21
    0.3030000000E+02   -0.4600341282E-21
    0.3035000000E+02    0.3311309425E-22
    0.3040000000E+02    0.3006768498E-21
    0.3045000000E+02    0.3684650467E-21
    0.3050000000E+02    0.4935699310E-21
    0.3055000000E+02    0.5065622659E-21
    0.3060000000E+02    0.3387012259E-21
    0.3065000000E+02    0.1093025990E-21
    0.3070000000E+02    0.9228883743E-22
    0.3075000000E+02    0.5665996978E-22
    0.3080000000E+02    0.5386673415E-24
    0.3085000000E+02   -0.2288741054E-21
    0.3090000000E+02   -0.1352565025E-21
    0.3095000000E+02   -0.1946487305E-21
    0.3100000000E+02   -0.5368299601E-21
    0.3105000000E+02   -0.8901431504E-21
    0.3110000000E+02   -0.9465469618E-21
    0.3115000000E+02   -0.1080874313E-20
    0.3120000000E+02   -0.1143306852E-20
    0.3125000000E+02   -0.9808396797E-21
    0.3130000000E+02   -0.3141396520E-21
    0.3135000000E+02    0.3784815298E-21
    0.3140000000E+02    0.6802514416E-21
    0.3145000000E+02    0.1142922773E-20
    0.3150000000E+02    0.1606497614E-20
    0.3155000000E+02    0.1364164949E-20
    0.3160000000E+02    0.6396874510E-21
    0.3165000000E+02    0.5573096598E-21
    0.3170000000E+02    0.2128648709E-21
    0.3175000000E+02   -0.3250715653E-21
    0.3180000000E+02   -0.4233574458E-21
    0.3185000000E+02   -0.8884921662E-22
    0.3190000000E+02   -0.2426905927E-21
    0.3195000000E+02   -0.1067513829E-21
    0.3200000000E+02    0.3073715400E-21
    0.3205000000E+02    0.4322854212E-21
    0.3210000000E+02    0.2695023916E-21
    0.3215000000E+02    0.2095246439E-21
    0.3220000000E+02   -0.5810558750E-22
    0.3225000000E+02   -0.1473591614E-21
    0.3230000000E+02    0.2361526408E-21
    0.3235000000E+02    0.4435411002E-21
    0.3240000000E+02    0.7810701149E-21
    0.3245000000E+02    0.1194838317E-20
    0.3250000000E+02    0.1007656339E-20
    0.3255000000E+02    0.2974842073E-21
    0.3260000000E+02    0.6970069198E-21
    0.3265000000E+02    0.6564329110E-21
    0.3270000000E+02    0.6424608136E-21
    0.3275000000E+02    0.2100762930E-21
    0.3280000000E+02   -0.6174659652E-21
    0.3285000000E+02    0.2596602347E-21
    0.3290000000E+02    0.1375856433E-20
    0.3295000000E+02    0.1977813056E-20
    0.3300000000E+02    0.3870051708E-20
    0.3305000000E+02    0.6574502228E-20
    0.3310000000E+02    0.4236460048E-20
    0.3315000000E+02    0.2323842160E-20
    0.3320000000E+02    0.1442100619E-20
    0.3325000000E+02    0.2791639811E-21
    0.3330000000E+02   -0.1269540742E-20
    0.3335000000E+02   -0.5995825738E-21
    0.3340000000E+02   -0.8395788672E-21
    0.3345000000E+02   -0.1865000861E-20
    0.3350000000E+02   -0.3339301050E-20
    0.3355000000E+02   -0.5249171717E-20
    0.3360000000E+02   -0.8448396984E-20
    0.3365000000E+02   -0.8044273726E-20
    0.3370000000E+02   -0.6398618024E-20
    0.3375000000E+02   -0.4649273995E-20
    0.3380000000E+02   -0.1511337210E-20
    0.3385000000E+02    0.4976021652E-20
    0.3390000000E+02    0.6020076854E-20
    0.3395000000E+02    0.5179867277E-20
    0.3400000000E+02    0.4545495708E-20
    0.3405000000E+02    0.3240850147E-20
    0.3410000000E+02    0.1419302766E-21
    0.3415000000E+02   -0.6924473443E-21
    0.3420000000E+02    0.1494272452E-20
    0.3425000000E+02    0.2042492537E-20
    0.3430000000E+02    0.1313574178E-20
    0.3435000000E+02    0.1320554221E-20
    0.3440000000E+02    0.1172628804E-20
    0.3445000000E+02   -0.3190265941E-20
    0.3450000000E+02   -0.4218981650E-20
    0.3455000000E+02   -0.3410924156E-20
    0.3460000000E+02   -0.3814169146E-20
    0.3465000000E+02   -0.3579522256E-20
    0.3470000000E+02   -0.1982108945E-20
    0.3475000000E+02   -0.2132362002E-20
    0.3480000000E+02   -0.1706755062E-20
    0.3485000000E+02   -0.6014638088E-21
    0.3490000000E+02   -0.7412037776E-21
    0.3495000000E+02    0.1211610065E-20
    0.3500000000E+02    0.2631360424E-20
    0.3505000000E+02    0.1904127480E-20
    0.3510000000E+02    0.9684276574E-21
    0.3515000000E+02    0.1196204776E-20
    0.3520000000E+02   -0.1501851644E-20
    0.3525000000E+02   -0.3865192441E-20
    0.3530000000E+02   -0.5880921797E-20
    0.3535000000E+02   -0.4582316175E-20
    0.3540000000E+02   -0.2812378380E-20
    0.3545000000E+02   -0.3031484303E-22
    0.3550000000E+02    0.3349040674E-20
    0.3555000000E+02    0.8356342546E-20
    0.3560000000E+02    0.8241345591E-20
    0.3565000000E+02    0.7428686802E-20
    0.3570000000E+02    0.8285305130E-20
    0.3575000000E+02    0.7128189572E-20
    0.3580000000E+02    0.3891087626E-20
    0.3585000000E+02    0.1174303097E-20
    0.3590000000E+02   -0.3679894293E-20
    0.3595000000E+02   -0.9397703817E-20
    0.3600000000E+02   -0.9963416951E-20
    0.3605000000E+02   -0.9625783054E-20
    0.3610000000E+02   -0.7136388636E-20
    0.3615000000E+02   -0.1272949017E-20
    0.3620000000E+02    0.3685611963E-20
    0.3625000000E+02    0.2884227198E-20
    0.3630000000E+02    0.1778529188E-20
    0.3635000000E+02   -0.2331857824E-21
    0.3640000000E+02   -0.1713941698E-20
    0.3645000000E+02   -0.2929067777E-20
    0.3650000000E+02   -0.9718268259E-21
    0.3655000000E+02    0.3122872444E-20
    0.3660000000E+02    0.5702750646E-20
    0.3665000000E+02    0.4141206737E-20
    0.3670000000E+02    0.2836419466E-20
    0.3675000000E+02    0.1129938114E-20
    0.3680000000E+02   -0.3121753443E-20
    0.3685000000E+02   -0.4121625276E-20
    0.3690000000E+02   -0.1223364496E-20
    0.3695000000E+02    0.2714887878E-20
    0.3700000000E+02    0.4504867730E-20
    0.3705000000E+02    0.6763526787E-20
    0.3710000000E+02    0.5766804346E-20
    0.3715000000E+02    0.2645811136E-20
    0.3720000000E+02   -0.1410569849E-20
    0.3725000000E+02   -0.3685347409E-20
    0.3730000000E+02   -0.5952821926E-20
    0.3735000000E+02   -0.5405938384E-20
    0.3740000000E+02   -0.3680078875E-20
    0.3745000000E+02   -0.1213380424E-20
    0.3750000000E+02    0.1250206162E-20
    0.3755000000E+02    0.4187517396E-20
    0.3760000000E+02    0.6682760920E-20
    0.3765000000E+02    0.7641178465E-20
    0.3770000000E+02    0.4379146462E-20
    0.3775000000E+02    0.4425226264E-21
    0.3780000000E+02   -0.2007178897E-20
    0.3785000000E+02   -0.5004131937E-20
    0.3790000000E+02   -0.6486073748E-20
    0.3795000000E+02   -0.2692490078E-20
    0.3800000000E+02    0.1492824176E-20
    0.3805000000E+02    0.1854418313E-20
    0.3810000000E+02    0.1588816156E-20
    0.3815000000E+02    0.6164668381E-21
    0.3820000000E+02   -0.1766961646E-20
    0.3825000000E+02   -0.4997148831E-20
    0.3830000000E+02   -0.4619161702E-20
    0.3835000000E+02   -0.2722845739E-20
    0.3840000000E+02   -0.1449101224E-21
    0.3845000000E+02    0.8517239753E-21
    0.3850000000E+02    0.2265724404E-20
    0.3855000000E+02    0.2599934652E-20
    0.3860000000E+02    0.1278677841E-20
    0.3865000000E+02   -0.1494150348E-20
    0.3870000000E+02   -0.1925150241E-20
    0.3875000000E+02   -0.1343960896E-20
    0.3880000000E+02   -0.1640122296E-20
    0.3885000000E+02   -0.8146367421E-21
    0.3890000000E+02    0.1018650739E-20
    0.3895000000E+02    0.1600420204E-20
    0.3900000000E+02    0.1824449077E-20
    0.3905000000E+02    0.2312309046E-20
    0.3910000000E+02    0.1530531221E-20
    0.3915000000E+02    0.1054035295E-20
    0.3920000000E+02    0.5769459372E-21
    0.3925000000E+02    0.3170837620E-21
    0.3930000000E+02    0.3462496438E-21
    0.3935000000E+02    0.6683934485E-21
    0.3940000000E+02    0.5296678499E-21
    0.3945000000E+02    0.5083532384E-21
    0.3950000000E+02   -0.2009758731E-21
    0.3955000000E+02   -0.9519239045E-21
    0.3960000000E+02   -0.1049234949E-20
    0.3965000000E+02   -0.1148911519E-20
    0.3970000000E+02   -0.1001921365E-20
    0.3975000000E+02   -0.5403425511E-21
    0.3980000000E+02   -0.2631432244E-21
    0.3985000000E+02    0.1566900429E-21
    0.3990000000E+02    0.5341798033E-21
    0.3995000000E+02    0.2936134019E-21
    0.4000000000E+02    0.5011346728E-21
    0.4005000000E+02    0.1355899508E-20
    0.4010000000E+02    0.2167240557E-20
    0.4015000000E+02    0.2564432981E-20
    0.4020000000E+02    0.3053765541E-20
    0.4025000000E+02    0.2728655142E-20
    0.4030000000E+02    0.1896823777E-20
    0.4035000000E+02   -0.2253681296E-22
    0.4040000000E+02   -0.1488082987E-20
    0.4045000000E+02   -0.1851781649E-20
    0.4050000000E+02   -0.2021617260E-20
    0.4055000000E+02   -0.2452220738E-20
    0.4060000000E+02   -0.1398802842E-20
    0.4065000000E+02    0.3086810325E-21
    0.4070000000E+02    0.6461930566E-21
    0.4075000000E+02    0.9401396680E-21
    0.4080000000E+02    0.1408869262E-20
    0.4085000000E+02    0.7410477374E-21
    0.4090000000E+02   -0.4183365696E-21
    0.4095000000E+02   -0.8359895183E-21
    0.4100000000E+02   -0.7992995097E-21
    0.4105000000E+02   -0.2612489806E-21
    0.4110000000E+02    0.1690621369E-21
    0.4115000000E+02    0.6077481275E-22
    0.4120000000E+02   -0.3871311243E-21
    0.4125000000E+02   -0.1170841452E-20
    0.4130000000E+02   -0.2238027564E-20
    0.4135000000E+02   -0.2222508953E-20
    0.4140000000E+02   -0.1348912924E-20
    0.4145000000E+02   -0.6141771908E-21
    0.4150000000E+02   -0.1002562446E-21
    0.4155000000E+02    0.2117431070E-21
    0.4160000000E+02    0.3074568689E-21
    0.4165000000E+02   -0.5159920750E-21
    0.4170000000E+02   -0.1034877867E-20
    0.4175000000E+02   -0.8984999855E-21
    0.4180000000E+02   -0.5196644125E-21
    0.4185000000E+02   -0.5140811905E-21
    0.4190000000E+02    0.2256555726E-21
    0.4195000000E+02    0.8815805845E-21
    0.4200000000E+02    0.7663866036E-21
    0.4205000000E+02    0.4481346793E-21
    0.4210000000E+02    0.1611737096E-21
    0.4215000000E+02   -0.2806780391E-21
    0.4220000000E+02   -0.2933529897E-21
    0.4225000000E+02    0.4686587870E-21
    0.4230000000E+02    0.1279527441E-20
    0.4235000000E+02    0.2086432611E-20
    0.4240000000E+02    0.2674301317E-20
    0.4245000000E+02    0.2285474838E-20
    0.4250000000E+02    0.1253380975E-20
    0.4255000000E+02    0.4053814867E-21
    0.4260000000E+02   -0.1323937570E-21
    0.4265000000E+02   -0.7666432830E-21
    0.4270000000E+02   -0.5705101613E-21
    0.4275000000E+02    0.4255872085E-23
    0.4280000000E+02    0.3440779229E-22
    0.4285000000E+02   -0.3639207697E-21
    0.4290000000E+02   -0.2253729996E-21
    0.4295000000E+02   -0.3326051580E-21
    0.4300000000E+02   -0.5429874801E-21
    0.4305000000E+02   -0.9489093199E-22
    0.4310000000E+02    0.6538269190E-22
    0.4315000000E+02   -0.5011018063E-22
    0.4320000000E+02   -0.3406785150E-21
    0.4325000000E+02   -0.7532011329E-21
    0.4330000000E+02   -0.1275480052E-20
    0.4335000000E+02   -0.1224723299E-20
    0.4340000000E+02   -0.1191629056E-20
    0.4345000000E+02   -0.7732360521E-21
    0.4350000000E+02    0.4406301004E-22
    0.4355000000E+02    0.4743463917E-21
    0.4360000000E+02    0.6783938642E-21
    0.4365000000E+02    0.7175213242E-21
    0.4370000000E+02   -0.2238497807E-22
    0.4375000000E+02   -0.1293560819E-20
    0.4380000000E+02   -0.2123512054E-20
    0.4385000000E+02   -0.2593772134E-20
    0.4390000000E+02   -0.2881963019E-20
    0.4395000000E+02   -0.2009448084E-20
    0.4400000000E+02   -0.5449469382E-21
    0.4405000000E+02    0.3499170791E-21
    0.4410000000E+02    0.1012367154E-20
    0.4415000000E+02    0.1681480533E-20
    0.4420000000E+02    0.1243219480E-20
    0.4425000000E+02   -0.9294562895E-22
    0.4430000000E+02   -0.9365592797E-21
    0.4435000000E+02   -0.1551218993E-20
    0.4440000000E+02   -0.2271294678E-20
    0.4445000000E+02   -0.2366798567E-20
    0.4450000000E+02   -0.1777850563E-20
    0.4455000000E+02   -0.1068242632E-20
    0.4460000000E+02   -0.7004208597E-21
    0.4465000000E+02    0.6131965940E-22
    0.4470000000E+02    0.9794884600E-21
    0.4475000000E+02    0.1309204236E-20
    0.4480000000E+02    0.1043145945E-20
    0.4485000000E+02    0.1013932896E-20
    0.4490000000E+02    0.4176694215E-21
    0.4495000000E+02   -0.5325382934E-21
    0.4500000000E+02   -0.4581842141E-21
    0.4505000000E+02    0.1132418493E-21
    0.4510000000E+02    0.1040753522E-21
    0.4515000000E+02    0.2651310216E-21
    0.4520000000E+02    0.7049756458E-21
    0.4525000000E+02    0.7763302309E-21
    0.4530000000E+02    0.3819810019E-21
    0.4535000000E+02    0.4247540613E-21
    0.4540000000E+02    0.5852661862E-21
    0.4545000000E+02    0.4877973525E-21
    0.4550000000E+02    0.1289123371E-22
    0.4555000000E+02    0.1016897689E-21
    0.4560000000E+02    0.6306768896E-22
    0.4565000000E+02   -0.2554604149E-21
    0.4570000000E+02   -0.5601661764E-21
    0.4575000000E+02   -0.6491568389E-21
    0.4580000000E+02   -0.1143292851E-20
    0.4585000000E+02   -0.1203615580E-20
    0.4590000000E+02   -0.8270213504E-21
    0.4595000000E+02   -0.3091892859E-21
    0.4600000000E+02    0.2422097040E-21
    0.4605000000E+02    0.1023738648E-20
    0.4610000000E+02    0.1186268711E-20
    0.4615000000E+02    0.1051830486E-20
    0.4620000000E+02    0.8178207651E-21
    0.4625000000E+02    0.3579324194E-21
    0.4630000000E+02    0.3006893554E-22
    0.4635000000E+02    0.2037995776E-21
    0.4640000000E+02    0.5015849237E-21
    0.4645000000E+02    0.6711149252E-21
    0.4650000000E+02    0.8882673883E-21
    0.4655000000E+02    0.7097641924E-21
    0.4660000000E+02    0.3809930655E-21
    0.4665000000E+02    0.9499714945E-22
    0.4670000000E+02   -0.1693114954E-22
    0.4675000000E+02    0.5796803151E-22
    0.4680000000E+02    0.4192627180E-21
    0.4685000000E+02    0.8380621516E-21
    0.4690000000E+02    0.1058090378E-20
    0.4695000000E+02    0.1039865440E-20
    0.4700000000E+02    0.1037508083E-20
    0.4705000000E+02    0.9669074952E-21
    0.4710000000E+02    0.3645088179E-21
    0.4715000000E+02   -0.1205080000E-21
    0.4720000000E+02   -0.1460890978E-21
    0.4725000000E+02   -0.3262090270E-21
    0.4730000000E+02   -0.4972303984E-21
    0.4735000000E+02   -0.3608593180E-22
    0.4740000000E+02    0.2149534642E-21
    0.4745000000E+02    0.1918871570E-21
    0.4750000000E+02    0.2969842435E-21
    0.4755000000E+02    0.2100382420E-21
    0.4760000000E+02   -0.1030177963E-21
    0.4765000000E+02    0.3947972997E-22
    0.4770000000E+02    0.2047014497E-21
    0.4775000000E+02    0.2476223518E-21
    0.4780000000E+02    0.6306256456E-21
    0.4785000000E+02    0.1010732490E-20
    0.4790000000E+02    0.1014023729E-20
    0.4795000000E+02    0.8899916765E-21
    0.4800000000E+02    0.6435626395E-21
    0.4805000000E+02    0.2681364801E-22
    0.4810000000E+02   -0.4626425702E-21
    0.4815000000E+02   -0.7331474362E-21
    0.4820000000E+02   -0.8358227527E-21
    0.4825000000E+02   -0.7424552277E-21
    0.4830000000E+02   -0.3970223473E-21
    0.4835000000E+02   -0.1276557299E-21
    0.4840000000E+02    0.1000594850E-21
    0.4845000000E+02    0.2107573870E-21
    0.4850000000E+02    0.2997177888E-21
    0.4855000000E+02    0.1888526403E-21
    0.4860000000E+02    0.1645962912E-22
    0.4865000000E+02   -0.1672408448E-21
    0.4870000000E+02   -0.1849347480E-21
    0.4875000000E+02   -0.2070323206E-21
    0.4880000000E+02    0.8393716603E-23
    0.4885000000E+02    0.2207721489E-21
    0.4890000000E+02    0.1953422147E-21
    0.4895000000E+02   -0.1859147747E-22
    0.4900000000E+02   -0.2422152772E-21
    0.4905000000E+02   -0.4871295985E-21
    0.4910000000E+02   -0.6129352624E-21
    0.4915000000E+02   -0.6004525705E-21
    0.4920000000E+02   -0.5028868334E-21
    0.4925000000E+02   -0.2809184143E-21
    0.4930000000E+02   -0.1579530537E-21
    0.4935000000E+02   -0.9099020581E-22
    0.4940000000E+02    0.9590821931E-22
    0.4945000000E+02    0.2533022200E-21
    0.4950000000E+02    0.2158435663E-21
    0.4955000000E+02    0.7759224056E-22
    0.4960000000E+02   -0.1266693344E-21
    0.4965000000E+02   -0.2999628639E-21
    0.4970000000E+02   -0.4221771823E-21
    0.4975000000E+02   -0.5079820217E-21
    0.4980000000E+02   -0.3727499008E-21
    0.4985000000E+02   -0.2913211736E-21
    0.4990000000E+02   -0.2800213290E-21
    0.4995000000E+02   -0.1218868151E-21
    0.5000000000E+02    0.8475711923E-22
    0.5005000000E+02    0.1330294519E-21
    0.5010000000E+02    0.3596039978E-21
    0.5015000000E+02    0.5033694036E-21
    0.5020000000E+02    0.3576714178E-21
    0.5025000000E+02    0.2201996329E-21
    0.5030000000E+02    0.2073903226E-21
    0.5035000000E+02    0.7129644073E-22
    0.5040000000E+02    0.1047097505E-22
    0.5045000000E+02    0.4519679402E-23
    0.5050000000E+02   -0.1399412400E-22
    0.5055000000E+02   -0.1181003646E-21
    0.5060000000E+02   -0.2063362127E-21
    0.5065000000E+02   -0.2775953399E-21
    0.5070000000E+02   -0.2099167541E-21
    0.5075000000E+02   -0.1116012138E-21
    0.5080000000E+02   -0.2012004363E-22
    0.5085000000E+02    0.1271776544E-21
    0.5090000000E+02    0.2415776145E-21
    0.5095000000E+02    0.2077106661E-21
    0.5100000000E+02    0.1464201881E-21
    0.5105000000E+02    0.2276341232E-21
    0.5110000000E+02    0.2344269177E-21
    0.5115000000E+02    0.1655305552E-21
    0.5120000000E+02    0.2349299269E-21
    0.5125000000E+02    0.2877171180E-21
    0.5130000000E+02    0.8738872183E-22
    0.5135000000E+02   -0.7170229611E-22
    0.5140000000E+02   -0.7912844541E-22
    0.5145000000E+02   -0.1647759864E-21
    0.5150000000E+02   -0.2468772064E-21
    0.5155000000E+02   -0.1578785174E-21
    0.5160000000E+02   -0.4912256732E-22
    0.5165000000E+02   -0.1527294549E-22
    0.5170000000E+02    0.3185640900E-22
    0.5175000000E+02    0.1026328999E-21
    0.5180000000E+02    0.1103104439E-21
    0.5185000000E+02    0.9071504928E-22
    0.5190000000E+02    0.4699176922E-22
    0.5195000000E+02   -0.4029774979E-23
    0.5200000000E+02   -0.6220908282E-22
    0.5205000000E+02   -0.8491541865E-22
    0.5210000000E+02   -0.1324336962E-21
    0.5215000000E+02   -0.8001245445E-22
    0.5220000000E+02    0.5525358280E-23
    0.5225000000E+02    0.4725478504E-22
    0.5230000000E+02    0.6058809670E-22
    0.5235000000E+02    0.1770626536E-21
    0.5240000000E+02    0.1728461823E-21
    0.5245000000E+02    0.1292478852E-21
    0.5250000000E+02    0.9051412481E-22
    0.5255000000E+02    0.1013278802E-21
    0.5260000000E+02    0.1841030312E-22
    0.5265000000E+02   -0.2243561685E-22
    0.5270000000E+02   -0.7278785900E-22
    0.5275000000E+02   -0.7234805681E-22
    0.5280000000E+02   -0.9482192137E-22
    0.5285000000E+02   -0.9925050257E-22
    0.5290000000E+02   -0.1289433509E-21
    0.5295000000E+02   -0.1184612618E-21
    0.5300000000E+02   -0.1483340242E-21
    0.5305000000E+02   -0.2111966952E-21
    0.5310000000E+02   -0.2715351448E-21
    0.5315000000E+02   -0.2710317658E-21
    0.5320000000E+02   -0.2868222383E-21
    0.5325000000E+02   -0.2527806050E-21
    0.5330000000E+02   -0.1551593933E-21
    0.5335000000E+02   -0.6304262348E-22
    0.5340000000E+02   -0.4221272631E-22
    0.5345000000E+02    0.1234785223E-24
    0.5350000000E+02    0.5568092737E-23
    0.5355000000E+02   -0.4053771961E-22
    0.5360000000E+02   -0.7871730577E-22
    0.5365000000E+02   -0.5351716102E-22
    0.5370000000E+02   -0.8759062093E-22
    0.5375000000E+02   -0.7224504038E-22
    0.5380000000E+02   -0.5969117429E-22
    0.5385000000E+02   -0.6022913898E-22
    0.5390000000E+02   -0.8929160812E-22
    0.5395000000E+02   -0.5363517526E-22
    0.5400000000E+02   -0.8129320909E-22
    0.5405000000E+02   -0.7650761130E-22
    0.5410000000E+02   -0.3631458410E-22
    0.5415000000E+02    0.1613974238E-22
    0.5420000000E+02    0.2568246414E-22
    0.5425000000E+02    0.5297771561E-22
    0.5430000000E+02    0.4878266906E-22
    0.5435000000E+02    0.1414850748E-22
    0.5440000000E+02   -0.2880949834E-22
    0.5445000000E+02   -0.6869418136E-23
    0.5450000000E+02    0.8886788616E-23
    0.5455000000E+02    0.1909015568E-22
    0.5460000000E+02    0.2772983388E-22
    0.5465000000E+02    0.3945937973E-22
    0.5470000000E+02   -0.2072020832E-22
    0.5475000000E+02   -0.6029021677E-22
    0.5480000000E+02   -0.7420841408E-22
    0.5485000000E+02   -0.3421154046E-22
    0.5490000000E+02    0.1143870598E-22
    0.5495000000E+02    0.5587302422E-22
    0.5500000000E+02    0.7618411928E-22
    0.5505000000E+02    0.1253601543E-21
    0.5510000000E+02    0.9279384751E-22
    0.5515000000E+02    0.4252837757E-22
    0.5520000000E+02    0.4708819862E-22
    0.5525000000E+02    0.8763847107E-22
    0.5530000000E+02    0.7092133583E-22
    0.5535000000E+02    0.9399757046E-22
    0.5540000000E+02    0.1072043211E-21
    0.5545000000E+02    0.8462715354E-22
    0.5550000000E+02    0.2075809429E-22
    0.5555000000E+02   -0.1245209421E-22
    0.5560000000E+02   -0.4483069183E-22
    0.5565000000E+02   -0.3114206700E-22
    0.5570000000E+02   -0.2315583504E-22
    0.5575000000E+02    0.8639401670E-23
    0.5580000000E+02    0.4809703182E-22
    0.5585000000E+02    0.8834121959E-22
    0.5590000000E+02    0.8900806727E-22
    0.5595000000E+02    0.1056419080E-21
    0.5600000000E+02    0.1170446246E-21
    0.5605000000E+02    0.1078550659E-21
    0.5610000000E+02    0.6743532360E-22
    0.5615000000E+02    0.5402265845E-22
    0.5620000000E+02    0.4002241378E-22
    0.5625000000E+02    0.8455892854E-23
    0.5630000000E+02   -0.3533588237E-22
    0.5635000000E+02   -0.2864847592E-22
    0.5640000000E+02   -0.2077680911E-22
    0.5645000000E+02   -0.2647397028E-22
    0.5650000000E+02   -0.3895656769E-22
    0.5655000000E+02   -0.3393937960E-22
    0.5660000000E+02   -0.6087276702E-22
    0.5665000000E+02   -0.1252370006E-21
    0.5670000000E+02   -0.1929965792E-21
    0.5675000000E+02   -0.1940708392E-21
    0.5680000000E+02   -0.1827873740E-21
    0.5685000000E+02   -0.1558519622E-21
    0.5690000000E+02   -0.1061657304E-21
    0.5695000000E+02   -0.2165887923E-22
    0.5700000000E+02   -0.1116821278E-23
    0.5705000000E+02   -0.2555314737E-23
    0.5710000000E+02   -0.3408391013E-22
    0.5715000000E+02   -0.5400244335E-22
    0.5720000000E+02   -0.9498855591E-22
    0.5725000000E+02   -0.9352934994E-22
    0.5730000000E+02   -0.7445247419E-22
    0.5735000000E+02   -0.1175820790E-22
    0.5740000000E+02    0.2287841883E-22
    0.5745000000E+02    0.6187978622E-22
    0.5750000000E+02    0.6718582668E-22
    0.5755000000E+02    0.6535213388E-22
    0.5760000000E+02    0.3275496004E-22
    0.5765000000E+02    0.2675867901E-22
    0.5770000000E+02    0.6845772579E-23
    0.5775000000E+02    0.5605353229E-23
    0.5780000000E+02    0.1262468765E-23
    0.5785000000E+02    0.1662258458E-22
    0.5790000000E+02    0.9047252542E-23
    0.5795000000E+02    0.1780419606E-22
    0.5800000000E+02    0.6824975471E-23
    0.5805000000E+02    0.5952351255E-23
    0.5810000000E+02   -0.7313299211E-23
    0.5815000000E+02    0.6214037805E-23
    0.5820000000E+02    0.4990828140E-23
    0.5825000000E+02    0.2547251029E-22
    0.5830000000E+02    0.3023130039E-22
    0.5835000000E+02    0.4377278095E-22
    0.5840000000E+02    0.3648840935E-22
    0.5845000000E+02    0.4565557172E-22
    0.5850000000E+02    0.3409848368E-22
    0.5855000000E+02    0.4130707927E-22
    0.5860000000E+02    0.2856363563E-22
    0.5865000000E+02    0.2831562845E-22
    0.5870000000E+02    0.1402691227E-22
    0.5875000000E+02    0.1977172731E-22
    0.5880000000E+02    0.5366706057E-23
    0.5885000000E+02    0.1590155883E-22
    0.5890000000E+02    0.1302589717E-22
    0.5895000000E+02    0.2081156368E-22
    0.5900000000E+02    0.1511067278E-22
    0.5905000000E+02    0.2452565572E-22
    0.5910000000E+02    0.1135432233E-22
    0.5915000000E+02    0.1459154381E-22
    0.5920000000E+02    0.3180404254E-23
    0.5925000000E+02    0.3535055067E-23
    0.5930000000E+02   -0.5674820096E-23
    0.5935000000E+02    0.3063171710E-23
    0.5940000000E+02   -0.3713306088E-23
    0.5945000000E+02    0.4662086351E-23
    0.5950000000E+02   -0.2437957908E-23
    0.5955000000E+02   -0.1812373907E-23
    0.5960000000E+02   -0.1516456536E-22
    0.5965000000E+02   -0.1451664205E-22
    0.5970000000E+02   -0.2390508620E-22
    0.5975000000E+02   -0.1762323547E-22
    0.5980000000E+02   -0.2134216063E-22
    0.5985000000E+02   -0.1092544092E-22
    0.5990000000E+02   -0.1341133320E-22
    0.5995000000E+02   -0.4186976532E-23
    0.6000000000E+02   -0.6931636022E-23
    0.6005000000E+02    0.1622066986E-23
    0.6010000000E+02   -0.5655798637E-23
    0.6015000000E+02    0.1720293099E-24
    0.6020000000E+02   -0.9119898209E-23
    0.6025000000E+02   -0.8367209837E-23
    0.6030000000E+02   -0.2213869876E-22
    0.6035000000E+02   -0.1965866042E-22
    0.6040000000E+02   -0.2930363204E-22
    0.6045000000E+02   -0.2455036254E-22
    0.6050000000E+02   -0.3007085016E-22
    0.6055000000E+02   -0.1411636412E-22
    0.6060000000E+02   -0.1227395218E-22
    0.6065000000E+02   -0.1112580812E-23
    0.6070000000E+02   -0.4048286189E-23
    0.6075000000E+02    0.5242961764E-23
    0.6080000000E+02   -0.6671352007E-23
    0.6085000000E+02   -0.6094105110E-23
    0.6090000000E+02   -0.1560450776E-22
    0.6095000000E+02   -0.8039992175E-23
    0.6100000000E+02   -0.1378853580E-22
    0.6105000000E+02   -0.3883412647E-23
    0.6110000000E+02   -0.3667618890E-23
    0.6115000000E+02    0.1177810386E-22
    0.6120000000E+02    0.8086040266E-23
    0.6125000000E+02    0.1758355791E-22
    0.6130000000E+02    0.1332534349E-22
    0.6135000000E+02    0.1773898433E-22
    0.6140000000E+02    0.5243546377E-23
    0.6145000000E+02    0.8701627504E-23
    0.6150000000E+02   -0.9423192821E-24
    0.6155000000E+02    0.5916464862E-23
    0.6160000000E+02    0.3171124985E-23
    0.6165000000E+02    0.1530416953E-22
    0.6170000000E+02    0.1474745526E-22
    0.6175000000E+02    0.2806058760E-22
    0.6180000000E+02    0.2730819574E-22
    0.6185000000E+02    0.3812631933E-22
    0.6190000000E+02    0.3297687279E-22
    0.6195000000E+02    0.4057238568E-22
    0.6200000000E+02    0.3419222308E-22
    0.6205000000E+02    0.3429494757E-22
    0.6210000000E+02    0.1992328225E-22
    0.6215000000E+02    0.2121752419E-22
    0.6220000000E+02    0.8742051041E-23
    0.6225000000E+02    0.8677973557E-23
    0.6230000000E+02    0.3369857366E-23
    0.6235000000E+02    0.1241940985E-22
    0.6240000000E+02    0.6495610470E-23
    0.6245000000E+02    0.9997300449E-23
    0.6250000000E+02   -0.6373230530E-24
    0.6255000000E+02   -0.2678882553E-23
    0.6260000000E+02   -0.2004741846E-22
    0.6265000000E+02   -0.2466727470E-22
    0.6270000000E+02   -0.3415829910E-22
    0.6275000000E+02   -0.2774608652E-22
    0.6280000000E+02   -0.3098066981E-22
    0.6285000000E+02   -0.1774546792E-22
    0.6290000000E+02   -0.1374359760E-22
    0.6295000000E+02   -0.2492118883E-23
    0.6300000000E+02   -0.5394190578E-23
    0.6305000000E+02   -0.3928809511E-25
    0.6310000000E+02   -0.9404667529E-23
    0.6315000000E+02   -0.8381293864E-23
    0.6320000000E+02   -0.1640361415E-22
    0.6325000000E+02   -0.9955487880E-23
    0.6330000000E+02   -0.1025932618E-22
    0.6335000000E+02    0.2591284340E-23
    0.6340000000E+02    0.3687056859E-23
    0.6345000000E+02    0.1316680775E-22
    0.6350000000E+02    0.7730288174E-23
    0.6355000000E+02    0.1082533980E-22
    0.6360000000E+02    0.1701664879E-23
    0.6365000000E+02    0.3842938526E-23
    0.6370000000E+02   -0.2852173879E-23
    0.6375000000E+02    0.2622673278E-23
    0.6380000000E+02   -0.3247035966E-23
    0.6385000000E+02    0.2457639369E-23
    0.6390000000E+02   -0.3658062657E-23
    0.6395000000E+02    0.2149975879E-24
    0.6400000000E+02   -0.5929395562E-23
    0.6405000000E+02   -0.2344629062E-24
    0.6410000000E+02   -0.4773573006E-23
    0.6415000000E+02    0.3192733763E-23
    0.6420000000E+02    0.5629435447E-24
    0.6425000000E+02    0.8301781551E-23
    0.6430000000E+02    0.5352590893E-23
    0.6435000000E+02    0.1200291664E-22
    0.6440000000E+02    0.7196027106E-23
    0.6445000000E+02    0.1229645813E-22
    0.6450000000E+02    0.6388319371E-23
    0.6455000000E+02    0.1054721041E-22
    0.6460000000E+02    0.3940825142E-23
    0.6465000000E+02    0.6982691891E-23
    0.6470000000E+02    0.8007249229E-24
    0.6475000000E+02    0.4637830055E-23
    0.6480000000E+02   -0.1804707840E-23
    0.6485000000E+02    0.3016073867E-23
    0.6490000000E+02   -0.1032925356E-23
    0.6495000000E+02    0.4306808941E-23
    0.6500000000E+02    0.9005003574E-24
    0.6505000000E+02    0.6900079381E-23
    0.6510000000E+02    0.2021023459E-23
    0.6515000000E+02    0.5744513776E-23
    0.6520000000E+02   -0.3569053293E-24
    0.6525000000E+02    0.2261764380E-23
    0.6530000000E+02   -0.3550561154E-23
    0.6535000000E+02    0.1040007812E-23
    0.6540000000E+02   -0.2598328639E-23
    0.6545000000E+02    0.3064233463E-23
    0.6550000000E+02   -0.3304099807E-24
    0.6555000000E+02    0.5187294934E-23
    0.6560000000E+02    0.1420195098E-23
    0.6565000000E+02    0.5840532778E-23
    0.6570000000E+02    0.2498494943E-23
    0.6575000000E+02    0.8410926934E-23
    0.6580000000E+02    0.5078600990E-23
    0.6585000000E+02    0.1005224937E-22
    0.6590000000E+02    0.6384605499E-23
    0.6595000000E+02    0.1042514448E-22
    0.6600000000E+02    0.5009676245E-23
    0.6605000000E+02    0.7371089039E-23
    0.6610000000E+02    0.9603417926E-24
    0.6615000000E+02    0.2736260396E-23
    0.6620000000E+02   -0.4900599928E-23
    0.6625000000E+02   -0.3680405010E-23
    0.6630000000E+02   -0.9138050451E-23
    0.6635000000E+02   -0.5579032005E-23
    0.6640000000E+02   -0.9649884192E-23
    0.6645000000E+02   -0.3793159153E-23
    0.6650000000E+02   -0.5796794137E-23
    0.6655000000E+02   -0.3583961016E-24
    0.6660000000E+02   -0.3836810296E-23
    0.6665000000E+02    0.7816193846E-24
    0.6670000000E+02   -0.2862696495E-23
    0.6675000000E+02    0.1064122944E-23
    0.6680000000E+02   -0.3279725211E-23
    0.6685000000E+02    0.1661247730E-23
    0.6690000000E+02   -0.1253548927E-23
    0.6695000000E+02    0.3104114540E-23
    0.6700000000E+02    0.4928764788E-25
    0.6705000000E+02    0.4910391718E-23
    0.6710000000E+02    0.1055316494E-23
    0.6715000000E+02    0.4705424187E-23
    0.6720000000E+02    0.9199207297E-24
    0.6725000000E+02    0.4424046083E-23
    0.6730000000E+02    0.1081702691E-23
    0.6735000000E+02    0.5609323393E-23
    0.6740000000E+02    0.2743833080E-23
    0.6745000000E+02    0.7227703540E-23
    0.6750000000E+02    0.4208691674E-23
    0.6755000000E+02    0.7306111479E-23
    0.6760000000E+02    0.2699649621E-23
    0.6765000000E+02    0.4791739734E-23
    0.6770000000E+02    0.3616997047E-25
    0.6775000000E+02    0.2785834343E-23
    0.6780000000E+02   -0.7220592184E-24
    0.6785000000E+02    0.2998357511E-23
    0.6790000000E+02    0.3105193911E-24
    0.6795000000E+02    0.3549817199E-23
    0.6800000000E+02   -0.3393331374E-24
    0.6805000000E+02    0.2206599170E-23
    0.6810000000E+02   -0.1600803029E-23
    0.6815000000E+02    0.1124118564E-23
    0.6820000000E+02   -0.1651713233E-23
    0.6825000000E+02    0.2147491758E-23
    0.6830000000E+02   -0.2846327293E-25
    0.6835000000E+02    0.3590024651E-23
    0.6840000000E+02    0.8876243583E-24
    0.6845000000E+02    0.3608314968E-23
    0.6850000000E+02   -0.9450905371E-25
    0.6855000000E+02    0.1476663503E-23
    0.6860000000E+02   -0.2593142341E-23
    0.6865000000E+02   -0.7517351481E-24
    0.6870000000E+02   -0.4049823515E-23
    0.6875000000E+02   -0.1286475584E-23
    0.6880000000E+02   -0.3593672226E-23
    0.6885000000E+02   -0.5312712357E-24
    0.6890000000E+02   -0.3192336589E-23
    0.6895000000E+02   -0.9653618943E-24
    0.6900000000E+02   -0.3758536585E-23
    0.6905000000E+02   -0.1261640280E-23
    0.6910000000E+02   -0.3711228581E-23
    0.6915000000E+02   -0.6978111416E-24
    0.6920000000E+02   -0.2414428473E-23
    0.6925000000E+02    0.3170233169E-24
    0.6930000000E+02   -0.2016477843E-23
    0.6935000000E+02    0.4086326389E-24
    0.6940000000E+02   -0.1807743638E-23
    0.6945000000E+02    0.8499335086E-24
    0.6950000000E+02   -0.6839123509E-24
    0.6955000000E+02    0.2533344523E-23
    0.6960000000E+02    0.1199659155E-23
    0.6965000000E+02    0.3707366588E-23
    0.6970000000E+02    0.1448364966E-23
    0.6975000000E+02    0.3148261922E-23
    0.6980000000E+02    0.2365082660E-24
    0.6985000000E+02    0.1604265032E-23
    0.6990000000E+02   -0.5517632710E-24
    0.6995000000E+02    0.1435659209E-23
    0.7000000000E+02   -0.5943762763E-24
    0.7005000000E+02    0.1532608632E-23
    0.7010000000E+02   -0.3086387835E-24
    0.7015000000E+02    0.1360623249E-23
    0.7020000000E+02   -0.6511147814E-24
    0.7025000000E+02    0.1157133016E-23
    0.7030000000E+02   -0.4858252600E-24
    0.7035000000E+02    0.1545158754E-23
    0.7040000000E+02    0.6334055442E-25
    0.7045000000E+02    0.1869319450E-23
    0.7050000000E+02    0.1515472100E-24
    0.7055000000E+02    0.1135469994E-23
    0.7060000000E+02   -0.1293876640E-23
    0.7065000000E+02   -0.4550435041E-24
    0.7070000000E+02   -0.2472119433E-23
    0.7075000000E+02   -0.1013124507E-23
    0.7080000000E+02   -0.1704271002E-23
    0.7085000000E+02    0.5489038921E-24
    0.7090000000E+02   -0.1731814939E-24
    0.7095000000E+02    0.1719198705E-23
    0.7100000000E+02    0.8515089685E-24
    0.7105000000E+02    0.2237648914E-23
    0.7110000000E+02    0.1206719516E-23
    0.7115000000E+02    0.2847943653E-23
    0.7120000000E+02    0.2150347395E-23
    0.7125000000E+02    0.3024805781E-23
    0.7130000000E+02    0.1263754750E-23
    0.7135000000E+02    0.1433179862E-23
    0.7140000000E+02   -0.6522842820E-24
    0.7145000000E+02   -0.8488538092E-24
    0.7150000000E+02   -0.2036139180E-23
    0.7155000000E+02   -0.5761444329E-24
    0.7160000000E+02   -0.5455754960E-24
    0.7165000000E+02    0.1194390274E-23
    0.7170000000E+02    0.1346404850E-23
    0.7175000000E+02    0.2253320379E-23
    0.7180000000E+02    0.7101512304E-24
    0.7185000000E+02    0.2809498664E-24
    0.7190000000E+02   -0.9601588816E-24
    0.7195000000E+02   -0.5888947388E-24
    0.7200000000E+02   -0.7765346289E-24
    0.7205000000E+02    0.7358355702E-24
    0.7210000000E+02    0.1100964857E-23
    0.7215000000E+02    0.1559135439E-23
    0.7220000000E+02    0.8030314132E-24
    0.7225000000E+02    0.8011678881E-24
    0.7230000000E+02    0.2827585403E-24
    0.7235000000E+02    0.7412835228E-24
    0.7240000000E+02    0.1213583339E-23
    0.7245000000E+02    0.2041379064E-23
    0.7250000000E+02    0.1907784370E-23
    0.7255000000E+02    0.1453925661E-23
    0.7260000000E+02    0.5212579005E-24
    0.7265000000E+02   -0.5155095601E-24
    0.7270000000E+02   -0.1428356649E-23
    0.7275000000E+02   -0.1861949479E-23
    0.7280000000E+02   -0.1613312510E-23
    0.7285000000E+02   -0.1414802900E-23
    0.7290000000E+02   -0.1084852467E-23
    0.7295000000E+02   -0.1443036799E-23
    0.7300000000E+02   -0.1714123639E-23
    0.7305000000E+02   -0.2685082059E-23
    0.7310000000E+02   -0.2766390976E-23
    0.7315000000E+02   -0.2793454954E-23
    0.7320000000E+02   -0.1305118328E-23
    0.7325000000E+02   -0.3601761920E-24
    0.7330000000E+02    0.1075240007E-23
    0.7335000000E+02    0.6586023576E-24
    0.7340000000E+02    0.3733943799E-24
    0.7345000000E+02   -0.1615310350E-23
    0.7350000000E+02   -0.2166819830E-23
    0.7355000000E+02   -0.3056906894E-23
    0.7360000000E+02   -0.1292602249E-23
    0.7365000000E+02   -0.1227746327E-24
    0.7370000000E+02    0.2452673865E-23
    0.7375000000E+02    0.2249757829E-23
    0.7380000000E+02    0.2228172666E-23
    0.7385000000E+02   -0.9887027639E-24
    0.7390000000E+02   -0.2717965030E-23
    0.7395000000E+02   -0.5530998130E-23
    0.7400000000E+02   -0.4372755775E-23
    0.7405000000E+02   -0.3584401066E-23
    0.7410000000E+02    0.2294650575E-24
    0.7415000000E+02    0.1124235842E-23
    0.7420000000E+02    0.3043900851E-23
    0.7425000000E+02    0.8194524748E-24
    0.7430000000E+02    0.1031350096E-24
    0.7435000000E+02   -0.3311809037E-23
    0.7440000000E+02   -0.2786938447E-23
    0.7445000000E+02   -0.3543381329E-23
    0.7450000000E+02   -0.3817409522E-24
    0.7455000000E+02    0.3530324121E-25
    0.7460000000E+02    0.3515237598E-23
    0.7465000000E+02    0.2701806224E-23
    0.7470000000E+02    0.3517478130E-23
    0.7475000000E+02    0.1160470911E-24
    0.7480000000E+02    0.2634722398E-24
    0.7485000000E+02   -0.2969220588E-23
    0.7490000000E+02   -0.1756270436E-23
    0.7495000000E+02   -0.3154442621E-23
    0.7500000000E+02   -0.5806809395E-25
    0.7505000000E+02   -0.1076741839E-23
    0.7510000000E+02    0.1463483764E-23
    0.7515000000E+02   -0.4949035036E-24
    0.7520000000E+02    0.1550937529E-23
    0.7525000000E+02   -0.8605146473E-24
    0.7530000000E+02    0.1168862310E-23
    0.7535000000E+02   -0.1341521662E-23
    0.7540000000E+02    0.4285411830E-24
    0.7545000000E+02   -0.2664665518E-23
    0.7550000000E+02   -0.7278153405E-24
    0.7555000000E+02   -0.3130124562E-23
    0.7560000000E+02    0.4077974446E-24
    0.7565000000E+02   -0.4433532371E-25
    0.7570000000E+02    0.4972181474E-23
    0.7575000000E+02    0.3877841917E-23
    0.7580000000E+02    0.6895715591E-23
    0.7585000000E+02    0.3253241802E-23
    0.7590000000E+02    0.3985810776E-23
    0.7595000000E+02   -0.1425999067E-23
    0.7600000000E+02   -0.4285353458E-24
    0.7605000000E+02   -0.3916666409E-23
    0.7610000000E+02   -0.2244942728E-24
    0.7615000000E+02   -0.1709923541E-23
    0.7620000000E+02    0.3225962547E-23
    0.7625000000E+02    0.1719105364E-23
    0.7630000000E+02    0.5300640409E-23
    0.7635000000E+02    0.7592478349E-24
    0.7640000000E+02    0.2008669901E-23
    0.7645000000E+02   -0.2991788296E-23
    0.7650000000E+02   -0.8135770449E-24
    0.7655000000E+02   -0.4405707367E-23
    0.7660000000E+02    0.3790606315E-24
    0.7665000000E+02   -0.1384515348E-23
    0.7670000000E+02    0.3288498042E-23
    0.7675000000E+02   -0.3312439702E-25
    0.7680000000E+02    0.3262505659E-23
    0.7685000000E+02   -0.1568082692E-23
    0.7690000000E+02    0.1013285415E-23
    0.7695000000E+02   -0.3456414845E-23
    0.7700000000E+02    0.7999344520E-24
    0.7705000000E+02   -0.2064424651E-23
    0.7710000000E+02    0.3106037634E-23
    0.7715000000E+02   -0.3356320628E-24
    0.7720000000E+02    0.3715733635E-23
    0.7725000000E+02   -0.1255712052E-23
    0.7730000000E+02    0.1487899329E-23
    0.7735000000E+02   -0.4237403197E-23
    0.7740000000E+02   -0.6517196995E-24
    0.7745000000E+02   -0.5289688131E-23
    0.7750000000E+02   -0.1008736031E-23
    0.7755000000E+02   -0.5233781330E-23
    0.7760000000E+02    0.3899843015E-24
    0.7765000000E+02   -0.2625891961E-23
    0.7770000000E+02    0.3408769512E-23
    0.7775000000E+02   -0.3910918734E-24
    0.7780000000E+02    0.4792568599E-23
    0.7785000000E+02   -0.5720389437E-24
    0.7790000000E+02    0.2428324928E-23
    0.7795000000E+02   -0.4587890221E-23
    0.7800000000E+02   -0.9642637599E-24
    0.7805000000E+02   -0.6749004349E-23
    0.7810000000E+02   -0.1632719590E-23
    0.7815000000E+02   -0.5248624797E-23
    0.7820000000E+02    0.2345841795E-23
    0.7825000000E+02   -0.9496912271E-24
    0.7830000000E+02    0.5143443246E-23
    0.7835000000E+02   -0.9531058577E-24
    0.7840000000E+02    0.2162086557E-23
    0.7845000000E+02   -0.6245972296E-23
    0.7850000000E+02   -0.2837125790E-23
    0.7855000000E+02   -0.8818740408E-23
    0.7860000000E+02   -0.1893404964E-23
    0.7865000000E+02   -0.5087353984E-23
    0.7870000000E+02    0.3664121468E-23
    0.7875000000E+02   -0.9834741739E-25
    0.7880000000E+02    0.5880376215E-23
    0.7885000000E+02   -0.1587483715E-23
    0.7890000000E+02    0.1727154873E-23
    0.7895000000E+02   -0.7494537464E-23
    0.7900000000E+02   -0.3233177541E-23
    0.7905000000E+02   -0.8572872318E-23
    0.7910000000E+02    0.8368695377E-24
    0.7915000000E+02   -0.1001412979E-23
    0.7920000000E+02    0.9605955568E-23
    0.7925000000E+02    0.5537953215E-23
    0.7930000000E+02    0.1134766020E-22
    0.7935000000E+02    0.1428443461E-23
    0.7940000000E+02    0.3273134717E-23
    0.7945000000E+02   -0.7867327337E-23
    0.7950000000E+02   -0.4078146943E-23
    0.7955000000E+02   -0.1108459912E-22
    0.7960000000E+02   -0.1865512793E-23
    0.7965000000E+02   -0.5233127723E-23
    0.7970000000E+02    0.5029652027E-23
    0.7975000000E+02    0.2664721477E-24
    0.7980000000E+02    0.7459338634E-23
    0.7985000000E+02   -0.1718220147E-23
    0.7990000000E+02    0.3037626606E-23
    0.7995000000E+02   -0.5783459342E-23
    0.8000000000E+02    0.7937749940E-24
    0.8005000000E+02   -0.6090842487E-23
    0.8010000000E+02    0.3595022327E-23
    0.8015000000E+02   -0.1312819939E-23
    0.8020000000E+02    0.7626908871E-23
    0.8025000000E+02    0.1392078740E-24
    0.8030000000E+02    0.6965661105E-23
    0.8035000000E+02   -0.3063256459E-23
    0.8040000000E+02    0.2123423013E-23
    0.8045000000E+02   -0.6836143359E-23
    0.8050000000E+02    0.2313256368E-23
    0.8055000000E+02   -0.3327938447E-23
    0.8060000000E+02    0.7294898419E-23
    0.8065000000E+02    0.1130177790E-23
    0.8070000000E+02    0.9741685088E-23
    0.8075000000E+02   -0.3348205143E-24
    0.8080000000E+02    0.5462026516E-23
    0.8085000000E+02   -0.4916923394E-23
    0.8090000000E+02    0.2157240561E-23
    0.8095000000E+02   -0.7453147895E-23
    0.8100000000E+02    0.4314078250E-24
    0.8105000000E+02   -0.9190642547E-23
    0.8110000000E+02   -0.1326831503E-23
    0.8115000000E+02   -0.1017882796E-22
    0.8120000000E+02   -0.3970298558E-26
    0.8125000000E+02   -0.5907194405E-23
    0.8130000000E+02    0.7767661666E-23
    0.8135000000E+02    0.3001780407E-23
    0.8140000000E+02    0.1396496811E-22
    0.8145000000E+02    0.3222976144E-23
    0.8150000000E+02    0.8440292600E-23
    0.8155000000E+02   -0.6973834416E-23
    0.8160000000E+02   -0.9737912502E-23
    0.8165000000E+02   -0.2568753919E-22
    0.8170000000E+02   -0.2998044689E-23
    0.8175000000E+02    0.4919647039E-23
    0.8180000000E+02    0.1785967912E-22
    0.8185000000E+02    0.1063131477E-22
    0.8190000000E+02    0.1803875689E-22
    0.8195000000E+02   -0.1454207285E-22
    0.8200000000E+02   -0.2211802857E-22
    0.8205000000E+02   -0.1754121916E-22
    0.8210000000E+02    0.2234792543E-22
    0.8215000000E+02    0.3130979771E-22
    0.8220000000E+02    0.4359373833E-22
    0.8225000000E+02    0.1334763552E-22
    0.8230000000E+02   -0.1432991737E-22
    0.8235000000E+02   -0.6237481209E-22
    0.8240000000E+02   -0.6273197082E-22
    0.8245000000E+02   -0.5342072843E-22
    0.8250000000E+02   -0.4861664685E-23
    0.8255000000E+02    0.2384628340E-22
    0.8260000000E+02    0.6192455179E-22
    0.8265000000E+02    0.5538277638E-22
    0.8270000000E+02    0.5315496888E-22
    0.8275000000E+02    0.1922013342E-22
    0.8280000000E+02    0.5754488765E-23
    0.8285000000E+02   -0.2466650961E-22
    0.8290000000E+02   -0.2476315556E-22
    0.8295000000E+02   -0.4483221104E-22
    0.8300000000E+02   -0.3800455707E-22
    0.8305000000E+02   -0.4961075066E-22
    0.8310000000E+02   -0.3211216669E-22
    0.8315000000E+02   -0.2678253804E-22
    0.8320000000E+02    0.1891184802E-22
    0.8325000000E+02    0.4585376307E-22
    0.8330000000E+02    0.8013736091E-22
    0.8335000000E+02    0.6125929037E-22
    0.8340000000E+02    0.3797682858E-22
    0.8345000000E+02   -0.3179538035E-22
    0.8350000000E+02   -0.7755385293E-22
    0.8355000000E+02   -0.1164578278E-21
    0.8360000000E+02   -0.8482520749E-22
    0.8365000000E+02   -0.3989989837E-22
    0.8370000000E+02    0.5267470012E-22
    0.8375000000E+02    0.1128659437E-21
    0.8380000000E+02    0.1561446377E-21
    0.8385000000E+02    0.1208312954E-21
    0.8390000000E+02    0.7090600629E-22
    0.8395000000E+02   -0.2826927256E-22
    0.8400000000E+02   -0.9647448362E-22
    0.8405000000E+02   -0.1507090871E-21
    0.8410000000E+02   -0.1279597946E-21
    0.8415000000E+02   -0.9999148419E-22
    0.8420000000E+02   -0.3441022470E-22
    0.8425000000E+02    0.2254231199E-23
    0.8430000000E+02    0.5176983394E-22
    0.8435000000E+02    0.4864014389E-22
    0.8440000000E+02    0.5279846043E-22
    0.8445000000E+02    0.2629751825E-22
    0.8450000000E+02    0.3009730576E-22
    0.8455000000E+02    0.1680627965E-23
    0.8460000000E+02    0.4351714378E-23
    0.8465000000E+02   -0.5733972905E-23
    0.8470000000E+02    0.2406790583E-22
    0.8475000000E+02    0.2611873810E-22
    0.8480000000E+02    0.5810685969E-22
    0.8485000000E+02    0.5886835001E-22
    0.8490000000E+02    0.7482847726E-22
    0.8495000000E+02    0.4283282347E-22
    0.8500000000E+02    0.2907478028E-22
    0.8505000000E+02   -0.2241746098E-22
    0.8510000000E+02   -0.5007371533E-22
    0.8515000000E+02   -0.1072107939E-21
    0.8520000000E+02   -0.1219019065E-21
    0.8525000000E+02   -0.1464848286E-21
    0.8530000000E+02   -0.1153458567E-21
    0.8535000000E+02   -0.9419041169E-22
    0.8540000000E+02   -0.2751737968E-22
    0.8545000000E+02    0.1292305374E-22
    0.8550000000E+02    0.7659695711E-22
    0.8555000000E+02    0.8916563701E-22
    0.8560000000E+02    0.1171532827E-21
    0.8565000000E+02    0.1014093294E-21
    0.8570000000E+02    0.1063681404E-21
    0.8575000000E+02    0.7146917026E-22
    0.8580000000E+02    0.7323982021E-22
    0.8585000000E+02    0.4923168884E-22
    0.8590000000E+02    0.6005444749E-22
    0.8595000000E+02    0.3561930142E-22
    0.8600000000E+02    0.3892445375E-22
    0.8605000000E+02   -0.1011033967E-23
    0.8610000000E+02   -0.1548205208E-22
    0.8615000000E+02   -0.6656423672E-22
    0.8620000000E+02   -0.8083405415E-22
    0.8625000000E+02   -0.1199765503E-21
    0.8630000000E+02   -0.1131031667E-21
    0.8635000000E+02   -0.1342543181E-21
    0.8640000000E+02   -0.1154013769E-21
    0.8645000000E+02   -0.1236757121E-21
    0.8650000000E+02   -0.8663825784E-22
    0.8655000000E+02   -0.7443547894E-22
    0.8660000000E+02   -0.1451049666E-22
    0.8665000000E+02    0.2159089449E-22
    0.8670000000E+02    0.9998092815E-22
    0.8675000000E+02    0.1331459491E-21
    0.8680000000E+02    0.1804767186E-21
    0.8685000000E+02    0.1627812902E-21
    0.8690000000E+02    0.1515285200E-21
    0.8695000000E+02    0.7802431485E-22
    0.8700000000E+02    0.3578134797E-22
    0.8705000000E+02   -0.3180131396E-22
    0.8710000000E+02   -0.3948120749E-22
    0.8715000000E+02   -0.6002668135E-22
    0.8720000000E+02   -0.2332179327E-22
    0.8725000000E+02   -0.2302886793E-22
    0.8730000000E+02    0.2151027437E-23
    0.8735000000E+02   -0.3249606610E-22
    0.8740000000E+02   -0.4512423944E-22
    0.8745000000E+02   -0.1040495777E-21
    0.8750000000E+02   -0.1179969045E-21
    0.8755000000E+02   -0.1512959991E-21
    0.8760000000E+02   -0.1148246395E-21
    0.8765000000E+02   -0.9659898972E-22
    0.8770000000E+02   -0.2805574995E-22
    0.8775000000E+02    0.2980904205E-23
    0.8780000000E+02    0.6672951411E-22
    0.8785000000E+02    0.7079200709E-22
    0.8790000000E+02    0.9944969085E-22
    0.8795000000E+02    0.7726394010E-22
    0.8800000000E+02    0.9372479839E-22
    0.8805000000E+02    0.6980238747E-22
    0.8810000000E+02    0.9003479847E-22
    0.8815000000E+02    0.6835085495E-22
    0.8820000000E+02    0.8666498742E-22
    0.8825000000E+02    0.5296463384E-22
    0.8830000000E+02    0.5436322116E-22
    0.8835000000E+02    0.1341777037E-22
    0.8840000000E+02    0.2037388427E-22
    0.8845000000E+02   -0.1355744778E-22
    0.8850000000E+02    0.1143550402E-23
    0.8855000000E+02   -0.2579811646E-22
    0.8860000000E+02   -0.1235892328E-22
    0.8865000000E+02   -0.4957457476E-22
    0.8870000000E+02   -0.4194200320E-22
    0.8875000000E+02   -0.7570061438E-22
    0.8880000000E+02   -0.6042817630E-22
    0.8885000000E+02   -0.8528477580E-22
    0.8890000000E+02   -0.5403619614E-22
    0.8895000000E+02   -0.6110950294E-22
    0.8900000000E+02   -0.2028962779E-22
    0.8905000000E+02   -0.2427767029E-22
    0.8910000000E+02    0.2144153210E-22
    0.8915000000E+02    0.1659069306E-22
    0.8920000000E+02    0.5068944570E-22
    0.8925000000E+02    0.3155276555E-22
    0.8930000000E+02    0.5561092440E-22
    0.8935000000E+02    0.2409160939E-22
    0.8940000000E+02    0.3630589079E-22
    0.8945000000E+02    0.3417976509E-23
    0.8950000000E+02    0.2590950105E-22
    0.8955000000E+02    0.2030602892E-23
    0.8960000000E+02    0.2610206223E-22
    0.8965000000E+02   -0.4008955382E-23
    0.8970000000E+02    0.6389439734E-23
    0.8975000000E+02   -0.4533760540E-22
    0.8980000000E+02   -0.5196560369E-22
    0.8985000000E+02   -0.1009573033E-21
    0.8990000000E+02   -0.8115805699E-22
    0.8995000000E+02   -0.9343052538E-22
    0.9000000000E+02   -0.3899363577E-22
    0.9005000000E+02   -0.3006249063E-22
    0.9010000000E+02    0.2391891386E-22
    0.9015000000E+02    0.8676333147E-23
    0.9020000000E+02    0.2848749155E-22
    0.9025000000E+02   -0.1312730269E-22
    0.9030000000E+02    0.2726405310E-23
    0.9035000000E+02   -0.2019025426E-22
    0.9040000000E+02    0.2672896971E-22
    0.9045000000E+02    0.3042332093E-22
    0.9050000000E+02    0.8711307036E-22
    0.9055000000E+02    0.7399139220E-22
    0.9060000000E+02    0.9176500438E-22
    0.9065000000E+02    0.3486183251E-22
    0.9070000000E+02    0.2549551151E-22
    0.9075000000E+02   -0.3284567152E-22
    0.9080000000E+02   -0.1848325724E-22
    0.9085000000E+02   -0.3953177302E-22
    0.9090000000E+02    0.1077840457E-22
    0.9095000000E+02    0.9634751056E-23
    0.9100000000E+02    0.5959665792E-22
    0.9105000000E+02    0.4017863217E-22
    0.9110000000E+02    0.6499928527E-22
    0.9115000000E+02    0.2479989816E-22
    0.9120000000E+02    0.4103887795E-22
    0.9125000000E+02    0.1125081921E-23
    0.9130000000E+02    0.2342608378E-22
    0.9135000000E+02   -0.9823512906E-23
    0.9140000000E+02    0.1498261259E-22
    0.9145000000E+02   -0.2272066098E-22
    0.9150000000E+02   -0.3094867757E-23
    0.9155000000E+02   -0.4463326775E-22
    0.9160000000E+02   -0.2435568605E-22
    0.9165000000E+02   -0.5864409224E-22
    0.9170000000E+02   -0.2659697532E-22
    0.9175000000E+02   -0.5345074867E-22
    0.9180000000E+02   -0.1786136969E-22
    0.9185000000E+02   -0.4536778870E-22
    0.9190000000E+02   -0.1614006741E-22
    0.9195000000E+02   -0.5344990540E-22
    0.9200000000E+02   -0.2584771631E-22
    0.9205000000E+02   -0.5353234611E-22
    0.9210000000E+02   -0.8700111975E-23
    0.9215000000E+02   -0.1874929251E-22
    0.9220000000E+02    0.3997271230E-22
    0.9225000000E+02    0.3065499468E-22
    0.9230000000E+02    0.7274274031E-22
    0.9235000000E+02    0.3354526195E-22
    0.9240000000E+02    0.4481142263E-22
    0.9245000000E+02   -0.1898717340E-22
    0.9250000000E+02   -0.1665753081E-22
    0.9255000000E+02   -0.6815399861E-22
    0.9260000000E+02   -0.3672495088E-22
    0.9265000000E+02   -0.5828206287E-22
    0.9270000000E+02   -0.4098125271E-23
    0.9275000000E+02   -0.1687492196E-22
    0.9280000000E+02    0.2713242447E-22
    0.9285000000E+02   -0.1001894351E-22
    0.9290000000E+02    0.1611085708E-22
    0.9295000000E+02   -0.2385390136E-22
    0.9300000000E+02    0.1195825845E-22
    0.9305000000E+02   -0.9490119400E-23
    0.9310000000E+02    0.5014814004E-22
    0.9315000000E+02    0.4031661585E-22
    0.9320000000E+02    0.8990799648E-22
    0.9325000000E+02    0.5379189936E-22
    0.9330000000E+02    0.7328147034E-22
    0.9335000000E+02    0.1050645401E-22
    0.9340000000E+02    0.1955268748E-22
    0.9345000000E+02   -0.3133250865E-22
    0.9350000000E+02    0.5500974593E-23
    0.9355000000E+02   -0.1966290657E-22
    0.9360000000E+02    0.3065618190E-22
    0.9365000000E+02    0.8983454154E-24
    0.9370000000E+02    0.3134508868E-22
    0.9375000000E+02   -0.2405796424E-22
    0.9380000000E+02   -0.8490525677E-23
    0.9385000000E+02   -0.6312387997E-22
    0.9390000000E+02   -0.3266547510E-22
    0.9395000000E+02   -0.6447072807E-22
    0.9400000000E+02   -0.1009405367E-22
    0.9405000000E+02   -0.2838621653E-22
    0.9410000000E+02    0.2787607741E-22
    0.9415000000E+02    0.1925799659E-23
    0.9420000000E+02    0.4400992550E-22
    0.9425000000E+02   -0.1544719589E-23
    0.9430000000E+02    0.2466003391E-22
    0.9435000000E+02   -0.2963456134E-22
    0.9440000000E+02   -0.4252438784E-23
    0.9445000000E+02   -0.5241234753E-22
    0.9450000000E+02   -0.1247993173E-22
    0.9455000000E+02   -0.4470287493E-22
    0.9460000000E+02    0.8942077028E-23
    0.9465000000E+02   -0.1489790833E-22
    0.9470000000E+02    0.4012686851E-22
    0.9475000000E+02    0.8159372662E-23
    0.9480000000E+02    0.5204806245E-22
    0.9485000000E+02    0.8011855837E-23
    0.9490000000E+02    0.4092159959E-22
    0.9495000000E+02   -0.1118385301E-22
    0.9500000000E+02    0.2189771412E-22
    0.9505000000E+02   -0.2575191056E-22
    0.9510000000E+02    0.1243469270E-22
    0.9515000000E+02   -0.3045199359E-22
    0.9520000000E+02    0.1763026066E-22
    0.9525000000E+02   -0.1496357442E-22
    0.9530000000E+02    0.3794338033E-22
    0.9535000000E+02    0.3776281335E-23
    0.9540000000E+02    0.5186979496E-22
    0.9545000000E+02    0.2187925797E-23
    0.9550000000E+02    0.2707864161E-22
    0.9555000000E+02   -0.4084492688E-22
    0.9560000000E+02   -0.1797009367E-22
    0.9565000000E+02   -0.7402920844E-22
    0.9570000000E+02   -0.2594389653E-22
    0.9575000000E+02   -0.4930227940E-22
    0.9580000000E+02    0.2771715030E-22
    0.9585000000E+02    0.1149679674E-22
    0.9590000000E+02    0.7104884969E-22
    0.9595000000E+02    0.2108153469E-22
    0.9600000000E+02    0.4347870798E-22
    0.9605000000E+02   -0.3729988735E-22
    0.9610000000E+02   -0.2161533618E-22
    0.9615000000E+02   -0.8105630406E-22
    0.9620000000E+02   -0.2683101546E-22
    0.9625000000E+02   -0.4829321811E-22
    0.9630000000E+02    0.3249813180E-22
    0.9635000000E+02    0.1378100534E-22
    0.9640000000E+02    0.7297961228E-22
    0.9645000000E+02    0.1692965248E-22
    0.9650000000E+02    0.4097856702E-22
    0.9655000000E+02   -0.3627667945E-22
    0.9660000000E+02   -0.1025379857E-22
    0.9665000000E+02   -0.6421336018E-22
    0.9670000000E+02   -0.2822516663E-23
    0.9675000000E+02   -0.2868756649E-22
    0.9680000000E+02    0.4542988001E-22
    0.9685000000E+02    0.1288717280E-22
    0.9690000000E+02    0.6258405914E-22
    0.9695000000E+02   -0.4578146664E-23
    0.9700000000E+02    0.2040943824E-22
    0.9705000000E+02   -0.5382093948E-22
    0.9710000000E+02   -0.1791104822E-22
    0.9715000000E+02   -0.6686306665E-22
    0.9720000000E+02    0.4660730840E-23
    0.9725000000E+02   -0.1554722712E-22
    0.9730000000E+02    0.6576229289E-22
    0.9735000000E+02    0.3191870049E-22
    0.9740000000E+02    0.8454358458E-22
    0.9745000000E+02    0.1517924846E-22
    0.9750000000E+02    0.3924095577E-22
    0.9755000000E+02   -0.4172771036E-22
    0.9760000000E+02   -0.5369511577E-23
    0.9765000000E+02   -0.5966031864E-22
    0.9770000000E+02    0.6593357439E-23
    0.9775000000E+02   -0.2706644799E-22
    0.9780000000E+02    0.4344978121E-22
    0.9785000000E+02   -0.8123058732E-23
    0.9790000000E+02    0.3280911998E-22
    0.9795000000E+02   -0.4731612008E-22
    0.9800000000E+02   -0.2096142849E-22
    0.9805000000E+02   -0.9711681246E-22
    0.9810000000E+02   -0.4553228263E-22
    0.9815000000E+02   -0.8582445584E-22
    0.9820000000E+02   -0.5138120118E-24
    0.9825000000E+02   -0.2362730021E-22
    0.9830000000E+02    0.6037269086E-22
    0.9835000000E+02    0.1918457531E-22
    0.9840000000E+02    0.7723679046E-22
    0.9845000000E+02    0.9490852604E-23
    0.9850000000E+02    0.5370663923E-22
    0.9855000000E+02   -0.1202155691E-22
    0.9860000000E+02    0.4623337463E-22
    0.9865000000E+02   -0.5380592273E-23
    0.9870000000E+02    0.6332426270E-22
    0.9875000000E+02    0.1264550576E-22
    0.9880000000E+02    0.7225309890E-22
    0.9885000000E+02    0.4243926002E-23
    0.9890000000E+02    0.5059175316E-22
    0.9895000000E+02   -0.2288286471E-22
    0.9900000000E+02    0.2678590430E-22
    0.9905000000E+02   -0.3917337298E-22
    0.9910000000E+02    0.2137755038E-22
    0.9915000000E+02   -0.3861378232E-22
    0.9920000000E+02    0.2199229248E-22
    0.9925000000E+02   -0.4301295273E-22
    0.9930000000E+02    0.1329451303E-22
    0.9935000000E+02   -0.5511484339E-22
    0.9940000000E+02    0.5242635352E-23
    0.9945000000E+02   -0.5360665218E-22
    0.9950000000E+02    0.1693447514E-22
    0.9955000000E+02   -0.3821422407E-22
    0.9960000000E+02    0.3360667920E-22
    0.9965000000E+02   -0.2570642572E-22
    0.9970000000E+02    0.3615638695E-22
    0.9975000000E+02   -0.3661046928E-22
    0.9980000000E+02    0.1815816899E-22
    0.9985000000E+02   -0.5707647392E-22
    0.9990000000E+02    0.3880364796E-24
    0.9995000000E+02   -0.6694487141E-22
    0.1000000000E+03    0.6073268089E-23
    0.1000500000E+03   -0.4793230481E-22
    0.1001000000E+03    0.3187259174E-22
    0.1001500000E+03   -0.2377564720E-22
    0.1002000000E+03    0.5073674956E-22
    0.1002500000E+03   -0.1609297223E-22
    0.1003000000E+03    0.4717152885E-22
    0.1003500000E+03   -0.2779494931E-22
    0.1004000000E+03    0.3419802608E-22
    0.1004500000E+03   -0.3910621921E-22
    0.1005000000E+03    0.2959085424E-22
    0.1005500000E+03   -0.3695811970E-22
    0.1006000000E+03    0.3745763187E-22
    0.1006500000E+03   -0.2755341142E-22
    0.1007000000E+03    0.4691465845E-22
    0.1007500000E+03   -0.2294677460E-22
    0.1008000000E+03    0.4654968501E-22
    0.1008500000E+03   -0.2766470110E-22
    0.1009000000E+03    0.4013526336E-22
    0.1009500000E+03   -0.3725731625E-22
    0.1010000000E+03    0.3066733027E-22
    0.1010500000E+03   -0.4368577598E-22
    0.1011000000E+03    0.3091880828E-22
    0.1011500000E+03   -0.3844890021E-22
    0.1012000000E+03    0.4164430139E-22
    0.1012500000E+03   -0.2569091931E-22
    0.1013000000E+03    0.5265791655E-22
    0.1013500000E+03   -0.2202695736E-22
    0.1014000000E+03    0.5094439957E-22
    0.1014500000E+03   -0.2839358758E-22
    0.1015000000E+03    0.4210085636E-22
    0.1015500000E+03   -0.3899270225E-22
    0.1016000000E+03    0.3419394458E-22
    0.1016500000E+03   -0.4476726054E-22
    0.1017000000E+03    0.3123565111E-22
    0.1017500000E+03   -0.4662302166E-22
    0.1018000000E+03    0.3156140731E-22
    0.1018500000E+03   -0.4738180638E-22
    0.1019000000E+03    0.2734188940E-22
    0.1019500000E+03   -0.5852974512E-22
    0.1020000000E+03    0.1324090678E-22
    0.1020500000E+03   -0.7289037761E-22
    0.1021000000E+03    0.3430926452E-23
    0.1021500000E+03   -0.7417575180E-22
    0.1022000000E+03    0.1751091123E-22
    0.1022500000E+03   -0.4672294981E-22
    0.1023000000E+03    0.5181090706E-22
    0.1023500000E+03   -0.1553065878E-22
