    0.0000000000E+00    0.1962679136E-23
    0.5000000000E-01   -0.1635534245E-23
    0.1000000000E+00    0.1983900299E-23
    0.1500000000E+00   -0.1728221022E-23
    0.2000000000E+00    0.1818976028E-23
    0.2500000000E+00   -0.1986429372E-23
    0.3000000000E+00    0.1611877366E-23
    0.3500000000E+00   -0.2180716286E-23
    0.4000000000E+00    0.1552340371E-23
    0.4500000000E+00   -0.2141278552E-23
    0.5000000000E+00    0.1747103807E-23
    0.5500000000E+00   -0.1942324587E-23
    0.6000000000E+00    0.1958394680E-23
    0.6500000000E+00   -0.1852120110E-23
    0.7000000000E+00    0.1971451163E-23
    0.7500000000E+00   -0.1981211414E-23
    0.8000000000E+00    0.1829930093E-23
    0.8500000000E+00   -0.2164175573E-23
    0.9000000000E+00    0.1739483837E-23
    0.9500000000E+00   -0.2208557348E-23
    0.1000000000E+01    0.1806063151E-23
    0.1050000000E+01   -0.2153671286E-23
    0.1100000000E+01    0.1918587316E-23
    0.1150000000E+01   -0.2069956126E-23
    0.1200000000E+01    0.2030000046E-23
    0.1250000000E+01   -0.2022124240E-23
    0.1300000000E+01    0.2126826259E-23
    0.1350000000E+01   -0.1970267784E-23
    0.1400000000E+01    0.2164075477E-23
    0.1450000000E+01   -0.2054024752E-23
    0.1500000000E+01    0.2060090960E-23
    0.1550000000E+01   -0.2241330472E-23
    0.1600000000E+01    0.1948403240E-23
    0.1650000000E+01   -0.2264236116E-23
    0.1700000000E+01    0.2138508500E-23
    0.1750000000E+01   -0.2001761586E-23
    0.1800000000E+01    0.2462047412E-23
    0.1850000000E+01   -0.1823222410E-23
    0.1900000000E+01    0.2496887660E-23
    0.1950000000E+01   -0.2019715385E-23
    0.2000000000E+01    0.2249628738E-23
    0.2050000000E+01   -0.2296093132E-23
    0.2100000000E+01    0.2130329022E-23
    0.2150000000E+01   -0.2293836816E-23
    0.2200000000E+01    0.2322389977E-23
    0.2250000000E+01   -0.2100141317E-23
    0.2300000000E+01    0.2524104659E-23
    0.2350000000E+01   -0.2037341283E-23
    0.2400000000E+01    0.2495859951E-23
    0.2450000000E+01   -0.2259103792E-23
    0.2500000000E+01    0.2243519942E-23
    0.2550000000E+01   -0.2553095271E-23
    0.2600000000E+01    0.2050252780E-23
    0.2650000000E+01   -0.2700362943E-23
    0.2700000000E+01    0.2105962092E-23
    0.2750000000E+01   -0.2527197506E-23
    0.2800000000E+01    0.2421721008E-23
    0.2850000000E+01   -0.2271859061E-23
    0.2900000000E+01    0.2631147482E-23
    0.2950000000E+01   -0.2284835755E-23
    0.3000000000E+01    0.2454375491E-23
    0.3050000000E+01   -0.2671095095E-23
    0.3100000000E+01    0.2100634453E-23
    0.3150000000E+01   -0.2960203776E-23
    0.3200000000E+01    0.2051335685E-23
    0.3250000000E+01   -0.2868060911E-23
    0.3300000000E+01    0.2331834819E-23
    0.3350000000E+01   -0.2602312705E-23
    0.3400000000E+01    0.2599678637E-23
    0.3450000000E+01   -0.2481598950E-23
    0.3500000000E+01    0.2682065484E-23
    0.3550000000E+01   -0.2517842872E-23
    0.3600000000E+01    0.2665502138E-23
    0.3650000000E+01   -0.2599007626E-23
    0.3700000000E+01    0.2652430368E-23
    0.3750000000E+01   -0.2631409835E-23
    0.3800000000E+01    0.2731597908E-23
    0.3850000000E+01   -0.2541533106E-23
    0.3900000000E+01    0.2918507664E-23
    0.3950000000E+01   -0.2419878210E-23
    0.4000000000E+01    0.3056850585E-23
    0.4050000000E+01   -0.2394917782E-23
    0.4100000000E+01    0.3064294129E-23
    0.4150000000E+01   -0.2508650198E-23
    0.4200000000E+01    0.2981836675E-23
    0.4250000000E+01   -0.2667828050E-23
    0.4300000000E+01    0.2849289002E-23
    0.4350000000E+01   -0.2882915807E-23
    0.4400000000E+01    0.2706629627E-23
    0.4450000000E+01   -0.3032647917E-23
    0.4500000000E+01    0.2689850480E-23
    0.4550000000E+01   -0.3032220560E-23
    0.4600000000E+01    0.2813555808E-23
    0.4650000000E+01   -0.2971683111E-23
    0.4700000000E+01    0.2863454210E-23
    0.4750000000E+01   -0.3046535494E-23
    0.4800000000E+01    0.2851300280E-23
    0.4850000000E+01   -0.3072744502E-23
    0.4900000000E+01    0.2966024644E-23
    0.4950000000E+01   -0.2951126678E-23
    0.5000000000E+01    0.3160877331E-23
    0.5050000000E+01   -0.2885761706E-23
    0.5100000000E+01    0.3176109435E-23
    0.5150000000E+01   -0.3048310766E-23
    0.5200000000E+01    0.3030835658E-23
    0.5250000000E+01   -0.3234367700E-23
    0.5300000000E+01    0.2964476136E-23
    0.5350000000E+01   -0.3317009265E-23
    0.5400000000E+01    0.2991068534E-23
    0.5450000000E+01   -0.3317820113E-23
    0.5500000000E+01    0.3087037712E-23
    0.5550000000E+01   -0.3310024890E-23
    0.5600000000E+01    0.3118340653E-23
    0.5650000000E+01   -0.3349898306E-23
    0.5700000000E+01    0.3145056444E-23
    0.5750000000E+01   -0.3470698361E-23
    0.5800000000E+01    0.3069014422E-23
    0.5850000000E+01   -0.3501109540E-23
    0.5900000000E+01    0.3185198596E-23
    0.5950000000E+01   -0.3470327404E-23
    0.6000000000E+01    0.3368693202E-23
    0.6050000000E+01   -0.3302441323E-23
    0.6100000000E+01    0.3535627486E-23
    0.6150000000E+01   -0.3239300821E-23
    0.6200000000E+01    0.3714369014E-23
    0.6250000000E+01   -0.3167885339E-23
    0.6300000000E+01    0.3839069802E-23
    0.6350000000E+01   -0.3133702703E-23
    0.6400000000E+01    0.3848179493E-23
    0.6450000000E+01   -0.3303673237E-23
    0.6500000000E+01    0.3691171230E-23
    0.6550000000E+01   -0.3558093912E-23
    0.6600000000E+01    0.3563257335E-23
    0.6650000000E+01   -0.3641478158E-23
    0.6700000000E+01    0.3658393359E-23
    0.6750000000E+01   -0.3588468020E-23
    0.6800000000E+01    0.3732212688E-23
    0.6850000000E+01   -0.3737490759E-23
    0.6900000000E+01    0.3487326201E-23
    0.6950000000E+01   -0.4196369513E-23
    0.7000000000E+01    0.3107174463E-23
    0.7050000000E+01   -0.4523992814E-23
    0.7100000000E+01    0.3098525101E-23
    0.7150000000E+01   -0.4350440913E-23
    0.7200000000E+01    0.3581431273E-23
    0.7250000000E+01   -0.3852156465E-23
    0.7300000000E+01    0.4110391236E-23
    0.7350000000E+01   -0.3595943981E-23
    0.7400000000E+01    0.4201775786E-23
    0.7450000000E+01   -0.3820589683E-23
    0.7500000000E+01    0.3957932448E-23
    0.7550000000E+01   -0.4107797677E-23
    0.7600000000E+01    0.3944172462E-23
    0.7650000000E+01   -0.3942667128E-23
    0.7700000000E+01    0.4433394268E-23
    0.7750000000E+01   -0.3480988368E-23
    0.7800000000E+01    0.4871797926E-23
    0.7850000000E+01   -0.3371238013E-23
    0.7900000000E+01    0.4780769098E-23
    0.7950000000E+01   -0.3813786391E-23
    0.8000000000E+01    0.4326553508E-23
    0.8050000000E+01   -0.4304759297E-23
    0.8100000000E+01    0.4086834459E-23
    0.8150000000E+01   -0.4464301752E-23
    0.8200000000E+01    0.4182954295E-23
    0.8250000000E+01   -0.4382158626E-23
    0.8300000000E+01    0.4339814797E-23
    0.8350000000E+01   -0.4416088959E-23
    0.8400000000E+01    0.4318748270E-23
    0.8450000000E+01   -0.4624525911E-23
    0.8500000000E+01    0.4141794918E-23
    0.8550000000E+01   -0.4913741487E-23
    0.8600000000E+01    0.4001952787E-23
    0.8650000000E+01   -0.5093927131E-23
    0.8700000000E+01    0.4038052646E-23
    0.8750000000E+01   -0.5012497587E-23
    0.8800000000E+01    0.4359581724E-23
    0.8850000000E+01   -0.4720390943E-23
    0.8900000000E+01    0.4785976048E-23
    0.8950000000E+01   -0.4454871395E-23
    0.9000000000E+01    0.5034917156E-23
    0.9050000000E+01   -0.4471528233E-23
    0.9100000000E+01    0.5010818890E-23
    0.9150000000E+01   -0.4676309211E-23
    0.9200000000E+01    0.4915882218E-23
    0.9250000000E+01   -0.4814482088E-23
    0.9300000000E+01    0.5021880091E-23
    0.9350000000E+01   -0.4716025287E-23
    0.9400000000E+01    0.5283109421E-23
    0.9450000000E+01   -0.4611430468E-23
    0.9500000000E+01    0.5382999946E-23
    0.9550000000E+01   -0.4821908706E-23
    0.9600000000E+01    0.5110091819E-23
    0.9650000000E+01   -0.5335431909E-23
    0.9700000000E+01    0.4710117642E-23
    0.9750000000E+01   -0.5765121636E-23
    0.9800000000E+01    0.4577075844E-23
    0.9850000000E+01   -0.5824661850E-23
    0.9900000000E+01    0.4833568423E-23
    0.9950000000E+01   -0.5573352977E-23
    0.1000000000E+02    0.5256357198E-23
    0.1005000000E+02   -0.5321332732E-23
    0.1010000000E+02    0.5545818566E-23
    0.1015000000E+02   -0.5293609875E-23
    0.1020000000E+02    0.5597671265E-23
    0.1025000000E+02   -0.5444307312E-23
    0.1030000000E+02    0.5579959088E-23
    0.1035000000E+02   -0.5545298909E-23
    0.1040000000E+02    0.5714657182E-23
    0.1045000000E+02   -0.5478942570E-23
    0.1050000000E+02    0.5953835650E-23
    0.1055000000E+02   -0.5392334705E-23
    0.1060000000E+02    0.6130639615E-23
    0.1065000000E+02   -0.5461314961E-23
    0.1070000000E+02    0.6116986443E-23
    0.1075000000E+02   -0.5696470863E-23
    0.1080000000E+02    0.5965653713E-23
    0.1085000000E+02   -0.6051153303E-23
    0.1090000000E+02    0.5782325804E-23
    0.1095000000E+02   -0.6301314866E-23
    0.1100000000E+02    0.5823253077E-23
    0.1105000000E+02   -0.6248690532E-23
    0.1110000000E+02    0.6207070304E-23
    0.1115000000E+02   -0.5966563861E-23
    0.1120000000E+02    0.6549114635E-23
    0.1125000000E+02   -0.6007737867E-23
    0.1130000000E+02    0.6400654379E-23
    0.1135000000E+02   -0.6583694669E-23
    0.1140000000E+02    0.5885719764E-23
    0.1145000000E+02   -0.7150442448E-23
    0.1150000000E+02    0.5788331876E-23
    0.1155000000E+02   -0.7068810918E-23
    0.1160000000E+02    0.6351926145E-23
    0.1165000000E+02   -0.6540193642E-23
    0.1170000000E+02    0.6980266248E-23
    0.1175000000E+02   -0.6352779953E-23
    0.1180000000E+02    0.7050053915E-23
    0.1185000000E+02   -0.6706252070E-23
    0.1190000000E+02    0.6783301834E-23
    0.1195000000E+02   -0.7088095558E-23
    0.1200000000E+02    0.6809942435E-23
    0.1205000000E+02   -0.7016890698E-23
    0.1210000000E+02    0.7243914243E-23
    0.1215000000E+02   -0.6741921396E-23
    0.1220000000E+02    0.7607965193E-23
    0.1225000000E+02   -0.6811337976E-23
    0.1230000000E+02    0.7503640229E-23
    0.1235000000E+02   -0.7278977858E-23
    0.1240000000E+02    0.7219012508E-23
    0.1245000000E+02   -0.7676243426E-23
    0.1250000000E+02    0.7219373456E-23
    0.1255000000E+02   -0.7718032465E-23
    0.1260000000E+02    0.7493613661E-23
    0.1265000000E+02   -0.7662850644E-23
    0.1270000000E+02    0.7710437638E-23
    0.1275000000E+02   -0.7764128066E-23
    0.1280000000E+02    0.7786676555E-23
    0.1285000000E+02   -0.7896409353E-23
    0.1290000000E+02    0.7968512705E-23
    0.1295000000E+02   -0.7871783267E-23
    0.1300000000E+02    0.8284328998E-23
    0.1305000000E+02   -0.7817171275E-23
    0.1310000000E+02    0.8492921241E-23
    0.1315000000E+02   -0.7989932594E-23
    0.1320000000E+02    0.8454272174E-23
    0.1325000000E+02   -0.8362500839E-23
    0.1330000000E+02    0.8329581023E-23
    0.1335000000E+02   -0.8693235360E-23
    0.1340000000E+02    0.8358462978E-23
    0.1345000000E+02   -0.8844388984E-23
    0.1350000000E+02    0.8555716023E-23
    0.1355000000E+02   -0.8886942885E-23
    0.1360000000E+02    0.8766302452E-23
    0.1365000000E+02   -0.9022925507E-23
    0.1370000000E+02    0.8885874192E-23
    0.1375000000E+02   -0.9189564641E-23
    0.1380000000E+02    0.9053860046E-23
    0.1385000000E+02   -0.9240046952E-23
    0.1390000000E+02    0.9391569362E-23
    0.1395000000E+02   -0.9194175406E-23
    0.1400000000E+02    0.9691004059E-23
    0.1405000000E+02   -0.9303961021E-23
    0.1410000000E+02    0.9798904792E-23
    0.1415000000E+02   -0.9607744253E-23
    0.1420000000E+02    0.9793696309E-23
    0.1425000000E+02   -0.9916624892E-23
    0.1430000000E+02    0.9880677770E-23
    0.1435000000E+02   -0.1011283899E-22
    0.1440000000E+02    0.1010007988E-22
    0.1445000000E+02   -0.1020205244E-22
    0.1450000000E+02    0.1037072845E-22
    0.1455000000E+02   -0.1032255622E-22
    0.1460000000E+02    0.1058349934E-22
    0.1465000000E+02   -0.1055158454E-22
    0.1470000000E+02    0.1066649175E-22
    0.1475000000E+02   -0.1088940562E-22
    0.1480000000E+02    0.1072126139E-22
    0.1485000000E+02   -0.1122846449E-22
    0.1490000000E+02    0.1081622763E-22
    0.1495000000E+02   -0.1149333864E-22
    0.1500000000E+02    0.1102429910E-22
    0.1505000000E+02   -0.1167439193E-22
    0.1510000000E+02    0.1132364615E-22
    0.1515000000E+02   -0.1174654895E-22
    0.1520000000E+02    0.1176116522E-22
    0.1525000000E+02   -0.1174209781E-22
    0.1530000000E+02    0.1221057232E-22
    0.1535000000E+02   -0.1182974732E-22
    0.1540000000E+02    0.1248428838E-22
    0.1545000000E+02   -0.1218241638E-22
    0.1550000000E+02    0.1252174295E-22
    0.1555000000E+02   -0.1268647661E-22
    0.1560000000E+02    0.1257301329E-22
    0.1565000000E+02   -0.1306128635E-22
    0.1570000000E+02    0.1284893417E-22
    0.1575000000E+02   -0.1321597143E-22
    0.1580000000E+02    0.1332656441E-22
    0.1585000000E+02   -0.1327666597E-22
    0.1590000000E+02    0.1381498706E-22
    0.1595000000E+02   -0.1341580924E-22
    0.1600000000E+02    0.1422056283E-22
    0.1605000000E+02   -0.1368527150E-22
    0.1610000000E+02    0.1449184068E-22
    0.1615000000E+02   -0.1411593010E-22
    0.1620000000E+02    0.1464680826E-22
    0.1625000000E+02   -0.1467351903E-22
    0.1630000000E+02    0.1472832726E-22
    0.1635000000E+02   -0.1526234449E-22
    0.1640000000E+02    0.1488439977E-22
    0.1645000000E+02   -0.1576824868E-22
    0.1650000000E+02    0.1517224499E-22
    0.1655000000E+02   -0.1615472506E-22
    0.1660000000E+02    0.1559699102E-22
    0.1665000000E+02   -0.1646563885E-22
    0.1670000000E+02    0.1613839501E-22
    0.1675000000E+02   -0.1669335973E-22
    0.1680000000E+02    0.1675299277E-22
    0.1685000000E+02   -0.1692232426E-22
    0.1690000000E+02    0.1739434429E-22
    0.1695000000E+02   -0.1721566497E-22
    0.1700000000E+02    0.1796073641E-22
    0.1705000000E+02   -0.1760272858E-22
    0.1710000000E+02    0.1850790557E-22
    0.1715000000E+02   -0.1810472018E-22
    0.1720000000E+02    0.1894039934E-22
    0.1725000000E+02   -0.1878040737E-22
    0.1730000000E+02    0.1921600510E-22
    0.1735000000E+02   -0.1968240134E-22
    0.1740000000E+02    0.1943996602E-22
    0.1745000000E+02   -0.2050968143E-22
    0.1750000000E+02    0.1995435307E-22
    0.1755000000E+02   -0.2099032454E-22
    0.1760000000E+02    0.2093296250E-22
    0.1765000000E+02   -0.2119223370E-22
    0.1770000000E+02    0.2202155097E-22
    0.1775000000E+02   -0.2162368297E-22
    0.1780000000E+02    0.2278751225E-22
    0.1785000000E+02   -0.2251808026E-22
    0.1790000000E+02    0.2329607304E-22
    0.1795000000E+02   -0.2352375273E-22
    0.1800000000E+02    0.2409027999E-22
    0.1805000000E+02   -0.2421135544E-22
    0.1810000000E+02    0.2530992951E-22
    0.1815000000E+02   -0.2481170558E-22
    0.1820000000E+02    0.2649622031E-22
    0.1825000000E+02   -0.2592131827E-22
    0.1830000000E+02    0.2726805179E-22
    0.1835000000E+02   -0.2764333224E-22
    0.1840000000E+02    0.2794223157E-22
    0.1845000000E+02   -0.2951895193E-22
    0.1850000000E+02    0.2914633442E-22
    0.1855000000E+02   -0.3108893383E-22
    0.1860000000E+02    0.3075907579E-22
    0.1865000000E+02   -0.3138263805E-22
    0.1870000000E+02    0.2663984610E-22
    0.1875000000E+02    0.1406011279E-21
    0.1880000000E+02    0.1009253264E-20
    0.1885000000E+02    0.1751412091E-20
    0.1890000000E+02    0.3068612028E-20
    0.1895000000E+02    0.3887643723E-20
    0.1900000000E+02    0.2638210018E-20
    0.1905000000E+02    0.1013504009E-20
    0.1910000000E+02   -0.9277077710E-21
    0.1915000000E+02   -0.1665408768E-20
    0.1920000000E+02   -0.1131270994E-20
    0.1925000000E+02   -0.2462018816E-21
    0.1930000000E+02    0.2987630950E-21
    0.1935000000E+02    0.1364057516E-20
    0.1940000000E+02   -0.1060493402E-20
    0.1945000000E+02   -0.4448043642E-20
    0.1950000000E+02   -0.3089188640E-20
    0.1955000000E+02   -0.2776069913E-20
    0.1960000000E+02   -0.2147259069E-20
    0.1965000000E+02   -0.2586774896E-21
    0.1970000000E+02    0.1551977792E-20
    0.1975000000E+02    0.3938819849E-21
    0.1980000000E+02    0.1239390700E-20
    0.1985000000E+02    0.6592820638E-21
    0.1990000000E+02    0.8945866629E-21
    0.1995000000E+02    0.8133891975E-21
    0.2000000000E+02    0.1739641077E-20
    0.2005000000E+02    0.1325585173E-20
    0.2010000000E+02    0.4697847436E-20
    0.2015000000E+02    0.5373020158E-20
    0.2020000000E+02    0.3822999796E-20
    0.2025000000E+02    0.1356040438E-20
    0.2030000000E+02   -0.1101134624E-20
    0.2035000000E+02   -0.8086076806E-20
    0.2040000000E+02   -0.1065587551E-19
    0.2045000000E+02   -0.7117859440E-20
    0.2050000000E+02   -0.5456021714E-20
    0.2055000000E+02   -0.3479503234E-20
    0.2060000000E+02    0.1116187202E-20
    0.2065000000E+02    0.4104994156E-20
    0.2070000000E+02    0.2393241461E-20
    0.2075000000E+02    0.2821947157E-20
    0.2080000000E+02    0.3042586896E-20
    0.2085000000E+02    0.1767958704E-20
    0.2090000000E+02   -0.4980994151E-21
    0.2095000000E+02   -0.4060121491E-21
    0.2100000000E+02   -0.1074813821E-20
    0.2105000000E+02   -0.9661024073E-21
    0.2110000000E+02   -0.9868134979E-21
    0.2115000000E+02   -0.9738082714E-23
    0.2120000000E+02    0.1342401455E-21
    0.2125000000E+02    0.3888875863E-21
    0.2130000000E+02   -0.5536176201E-21
    0.2135000000E+02   -0.3071821826E-22
    0.2140000000E+02    0.2344383835E-21
    0.2145000000E+02    0.4153913399E-21
    0.2150000000E+02    0.3685119919E-21
    0.2155000000E+02    0.1588271887E-20
    0.2160000000E+02    0.1543883862E-20
    0.2165000000E+02    0.1289626446E-20
    0.2170000000E+02    0.2876011736E-21
    0.2175000000E+02    0.1650027143E-21
    0.2180000000E+02   -0.6331494307E-21
    0.2185000000E+02   -0.9547185036E-21
    0.2190000000E+02   -0.1312045401E-20
    0.2195000000E+02   -0.1007602811E-21
    0.2200000000E+02   -0.1334374517E-21
    0.2205000000E+02    0.6227788158E-21
    0.2210000000E+02    0.6284430122E-21
    0.2215000000E+02    0.6979288224E-21
    0.2220000000E+02   -0.5471151570E-21
    0.2225000000E+02   -0.7147335991E-21
    0.2230000000E+02   -0.1840606476E-20
    0.2235000000E+02   -0.1734968984E-20
    0.2240000000E+02   -0.4570918155E-21
    0.2245000000E+02    0.1286118197E-20
    0.2250000000E+02    0.1986615633E-20
    0.2255000000E+02    0.2891162898E-20
    0.2260000000E+02    0.3954510683E-20
    0.2265000000E+02    0.1855217797E-20
    0.2270000000E+02    0.2271190188E-21
    0.2275000000E+02    0.1227754993E-20
    0.2280000000E+02    0.1273702833E-21
    0.2285000000E+02   -0.2482164865E-20
    0.2290000000E+02   -0.1401785591E-20
    0.2295000000E+02    0.3715047939E-21
    0.2300000000E+02   -0.3181973646E-20
    0.2305000000E+02   -0.1926174254E-20
    0.2310000000E+02    0.2082257374E-21
    0.2315000000E+02   -0.9128974996E-22
    0.2320000000E+02   -0.3337980019E-20
    0.2325000000E+02   -0.1252744155E-20
    0.2330000000E+02   -0.1892846109E-20
    0.2335000000E+02   -0.1320411563E-20
    0.2340000000E+02    0.4083767639E-21
    0.2345000000E+02    0.2499603844E-20
    0.2350000000E+02    0.2707177581E-20
    0.2355000000E+02    0.2343599253E-20
    0.2360000000E+02   -0.1912675140E-21
    0.2365000000E+02   -0.2418628774E-20
    0.2370000000E+02   -0.2364289989E-20
    0.2375000000E+02   -0.2750909291E-20
    0.2380000000E+02   -0.2065148637E-20
    0.2385000000E+02    0.3324439146E-21
    0.2390000000E+02    0.9737079492E-21
    0.2395000000E+02    0.6362272062E-21
    0.2400000000E+02    0.1689427299E-20
    0.2405000000E+02    0.2743510996E-20
    0.2410000000E+02    0.1976928842E-20
    0.2415000000E+02    0.1966431923E-20
    0.2420000000E+02    0.1891678465E-20
    0.2425000000E+02    0.5663850919E-21
    0.2430000000E+02   -0.1505473560E-20
    0.2435000000E+02   -0.1938754735E-20
    0.2440000000E+02   -0.1790062619E-20
    0.2445000000E+02   -0.1401403211E-20
    0.2450000000E+02   -0.7478141033E-21
    0.2455000000E+02    0.1456631547E-21
    0.2460000000E+02    0.1805579915E-21
    0.2465000000E+02   -0.1005713945E-21
    0.2470000000E+02    0.9903747223E-21
    0.2475000000E+02    0.8782216310E-21
    0.2480000000E+02    0.5067458469E-22
    0.2485000000E+02    0.2269866515E-21
    0.2490000000E+02    0.2896349349E-21
    0.2495000000E+02   -0.2178616428E-20
    0.2500000000E+02   -0.2494089217E-20
    0.2505000000E+02   -0.1118666606E-20
    0.2510000000E+02   -0.6079294850E-21
    0.2515000000E+02   -0.1660410280E-21
    0.2520000000E+02    0.8363783654E-21
    0.2525000000E+02    0.1125275496E-20
    0.2530000000E+02    0.6536720990E-21
    0.2535000000E+02    0.3636463222E-21
    0.2540000000E+02    0.6370250503E-22
    0.2545000000E+02    0.4745844031E-21
    0.2550000000E+02    0.5205491551E-21
    0.2555000000E+02    0.1539151994E-21
    0.2560000000E+02   -0.4483238503E-21
    0.2565000000E+02   -0.4185016809E-21
    0.2570000000E+02   -0.7953109526E-21
    0.2575000000E+02   -0.9968886109E-21
    0.2580000000E+02   -0.1126931241E-20
    0.2585000000E+02   -0.8875461439E-21
    0.2590000000E+02   -0.5344840673E-21
    0.2595000000E+02    0.5466674773E-22
    0.2600000000E+02   -0.1256451437E-21
    0.2605000000E+02    0.3273017112E-21
    0.2610000000E+02    0.6737190443E-21
    0.2615000000E+02    0.8810990103E-22
    0.2620000000E+02   -0.3175715317E-21
    0.2625000000E+02    0.2542774897E-21
    0.2630000000E+02    0.1828996648E-21
    0.2635000000E+02    0.2520537049E-21
    0.2640000000E+02    0.5614319961E-21
    0.2645000000E+02    0.5287416618E-21
    0.2650000000E+02    0.4389399215E-21
    0.2655000000E+02    0.8365743047E-21
    0.2660000000E+02    0.5140300251E-21
    0.2665000000E+02    0.7421973669E-21
    0.2670000000E+02    0.7397421714E-21
    0.2675000000E+02    0.2141473311E-21
    0.2680000000E+02   -0.6297010104E-21
    0.2685000000E+02   -0.4483219351E-21
    0.2690000000E+02   -0.9679713449E-21
    0.2695000000E+02   -0.1128535135E-20
    0.2700000000E+02   -0.7456910669E-21
    0.2705000000E+02   -0.3293642269E-21
    0.2710000000E+02   -0.5055840035E-21
    0.2715000000E+02   -0.2638530659E-21
    0.2720000000E+02   -0.4771692726E-22
    0.2725000000E+02   -0.1566926451E-21
    0.2730000000E+02   -0.3068115718E-21
    0.2735000000E+02   -0.2940223186E-21
    0.2740000000E+02   -0.3023361677E-21
    0.2745000000E+02   -0.2061843450E-21
    0.2750000000E+02    0.4569000480E-22
    0.2755000000E+02    0.5492253508E-21
    0.2760000000E+02    0.1032913718E-20
    0.2765000000E+02    0.1149152747E-20
    0.2770000000E+02    0.6010309468E-21
    0.2775000000E+02   -0.4106224017E-22
    0.2780000000E+02   -0.8012106686E-21
    0.2785000000E+02   -0.1636319058E-20
    0.2790000000E+02   -0.2104408676E-20
    0.2795000000E+02   -0.1353131902E-20
    0.2800000000E+02   -0.6318369537E-21
    0.2805000000E+02   -0.2103774742E-21
    0.2810000000E+02    0.2443828950E-21
    0.2815000000E+02    0.7366085932E-21
    0.2820000000E+02    0.3977097895E-21
    0.2825000000E+02    0.1305111141E-21
    0.2830000000E+02    0.1897040030E-21
    0.2835000000E+02    0.4019761999E-21
    0.2840000000E+02    0.4133973062E-21
    0.2845000000E+02    0.5405426451E-21
    0.2850000000E+02    0.5486302144E-21
    0.2855000000E+02    0.4550494339E-21
    0.2860000000E+02    0.3600077031E-22
    0.2865000000E+02   -0.9203408144E-22
    0.2870000000E+02   -0.2213859508E-21
    0.2875000000E+02   -0.2331568209E-21
    0.2880000000E+02   -0.6744022024E-22
    0.2885000000E+02    0.2797998210E-21
    0.2890000000E+02    0.1241593457E-21
    0.2895000000E+02    0.1508895062E-21
    0.2900000000E+02    0.2143034955E-21
    0.2905000000E+02   -0.3088487839E-23
    0.2910000000E+02   -0.4312254337E-21
    0.2915000000E+02   -0.2903231356E-21
    0.2920000000E+02   -0.2301577941E-21
    0.2925000000E+02   -0.3462308907E-21
    0.2930000000E+02   -0.3236746623E-21
    0.2935000000E+02    0.1175903190E-21
    0.2940000000E+02    0.2818991442E-22
    0.2945000000E+02    0.1064687061E-21
    0.2950000000E+02    0.2765529397E-21
    0.2955000000E+02    0.1820356324E-21
    0.2960000000E+02   -0.5736123881E-22
    0.2965000000E+02    0.1347991685E-21
    0.2970000000E+02   -0.2209730131E-21
    0.2975000000E+02   -0.4228454444E-21
    0.2980000000E+02   -0.2545400454E-21
    0.2985000000E+02   -0.1401624176E-21
    0.2990000000E+02   -0.1489931779E-21
    0.2995000000E+02    0.2122149336E-21
    0.3000000000E+02    0.2626431111E-21
    0.3005000000E+02    0.2481702190E-21
    0.3010000000E+02    0.3161129187E-21
    0.3015000000E+02    0.2608708497E-21
    0.3020000000E+02    0.1493503592E-22
    0.3025000000E+02    0.6772358547E-22
    0.3030000000E+02    0.1390265203E-21
    0.3035000000E+02    0.5067173236E-22
    0.3040000000E+02   -0.1282634073E-21
    0.3045000000E+02    0.9056211552E-22
    0.3050000000E+02    0.8778089571E-22
    0.3055000000E+02    0.2951401193E-23
    0.3060000000E+02   -0.1977808929E-21
    0.3065000000E+02    0.1326998774E-21
    0.3070000000E+02    0.3929296144E-23
    0.3075000000E+02   -0.1387371587E-22
    0.3080000000E+02    0.4721553456E-22
    0.3085000000E+02    0.5234423781E-21
    0.3090000000E+02    0.2541574249E-21
    0.3095000000E+02    0.3575756314E-21
    0.3100000000E+02    0.3856676953E-21
    0.3105000000E+02    0.5459456144E-21
    0.3110000000E+02    0.2366061656E-21
    0.3115000000E+02    0.3578917435E-21
    0.3120000000E+02    0.3162580242E-21
    0.3125000000E+02    0.4749327174E-21
    0.3130000000E+02   -0.3439928373E-22
    0.3135000000E+02   -0.2137828270E-21
    0.3140000000E+02   -0.2604278713E-21
    0.3145000000E+02   -0.3781654692E-21
    0.3150000000E+02   -0.7432904782E-21
    0.3155000000E+02   -0.2780691541E-21
    0.3160000000E+02    0.1475357272E-21
    0.3165000000E+02    0.1779230373E-21
    0.3170000000E+02    0.2144726565E-21
    0.3175000000E+02    0.6289481464E-21
    0.3180000000E+02    0.1212431882E-21
    0.3185000000E+02   -0.4423242810E-22
    0.3190000000E+02   -0.2152331226E-21
    0.3195000000E+02   -0.7347621273E-23
    0.3200000000E+02   -0.6369309184E-21
    0.3205000000E+02   -0.1835328982E-21
    0.3210000000E+02   -0.4943953771E-21
    0.3215000000E+02   -0.1341008067E-22
    0.3220000000E+02   -0.6767161072E-21
    0.3225000000E+02    0.5304654260E-21
    0.3230000000E+02    0.9956059079E-21
    0.3235000000E+02    0.2118024561E-20
    0.3240000000E+02    0.1378495906E-20
    0.3245000000E+02    0.3216290014E-20
    0.3250000000E+02   -0.3338992623E-20
    0.3255000000E+02   -0.2161542759E-19
    0.3260000000E+02   -0.3109817903E-19
    0.3265000000E+02   -0.3283596597E-19
    0.3270000000E+02   -0.3544107452E-19
    0.3275000000E+02   -0.1938577910E-19
    0.3280000000E+02    0.2981804020E-19
    0.3285000000E+02    0.6008425913E-19
    0.3290000000E+02    0.7164813609E-19
    0.3295000000E+02    0.7557646506E-19
    0.3300000000E+02    0.6164575050E-19
    0.3305000000E+02    0.1657059317E-19
    0.3310000000E+02   -0.1773114026E-19
    0.3315000000E+02   -0.3345646914E-19
    0.3320000000E+02   -0.3651250382E-19
    0.3325000000E+02   -0.3270752446E-19
    0.3330000000E+02   -0.1841812877E-19
    0.3335000000E+02   -0.6333579093E-20
    0.3340000000E+02   -0.1769437090E-21
    0.3345000000E+02   -0.2559308346E-20
    0.3350000000E+02   -0.5331526395E-20
    0.3355000000E+02   -0.1231866482E-19
    0.3360000000E+02   -0.2385948962E-19
    0.3365000000E+02   -0.3096555456E-19
    0.3370000000E+02   -0.2948677706E-19
    0.3375000000E+02   -0.2520139892E-19
    0.3380000000E+02   -0.1242378220E-19
    0.3385000000E+02    0.1428429212E-19
    0.3390000000E+02    0.3058542969E-19
    0.3395000000E+02    0.3447518758E-19
    0.3400000000E+02    0.3253119628E-19
    0.3405000000E+02    0.2446370392E-19
    0.3410000000E+02    0.6938357771E-20
    0.3415000000E+02   -0.4566922350E-20
    0.3420000000E+02   -0.4728443178E-20
    0.3425000000E+02   -0.4472537567E-20
    0.3430000000E+02   -0.2641829165E-20
    0.3435000000E+02    0.8586466052E-21
    0.3440000000E+02    0.6017261351E-20
    0.3445000000E+02    0.6930143799E-21
    0.3450000000E+02   -0.5507206381E-20
    0.3455000000E+02   -0.1005262845E-19
    0.3460000000E+02   -0.1405902409E-19
    0.3465000000E+02   -0.2306821076E-19
    0.3470000000E+02   -0.2565111460E-19
    0.3475000000E+02   -0.1726294615E-19
    0.3480000000E+02   -0.1085952635E-19
    0.3485000000E+02   -0.5591440255E-20
    0.3490000000E+02    0.8776610516E-20
    0.3495000000E+02    0.2354330830E-19
    0.3500000000E+02    0.3231645371E-19
    0.3505000000E+02    0.3543445506E-19
    0.3510000000E+02    0.3199909963E-19
    0.3515000000E+02    0.1679313533E-19
    0.3520000000E+02    0.5836143746E-21
    0.3525000000E+02   -0.2319580914E-19
    0.3530000000E+02   -0.4019955579E-19
    0.3535000000E+02   -0.3603706632E-19
    0.3540000000E+02   -0.2157722564E-19
    0.3545000000E+02   -0.6773220752E-20
    0.3550000000E+02    0.1255840424E-19
    0.3555000000E+02    0.3307283090E-19
    0.3560000000E+02    0.3181541682E-19
    0.3565000000E+02    0.2576948054E-19
    0.3570000000E+02    0.2057279079E-19
    0.3575000000E+02    0.1494462948E-19
    0.3580000000E+02    0.4859567366E-20
    0.3585000000E+02    0.7309557254E-21
    0.3590000000E+02   -0.1352318126E-19
    0.3595000000E+02   -0.3092282985E-19
    0.3600000000E+02   -0.3798160429E-19
    0.3605000000E+02   -0.3768863163E-19
    0.3610000000E+02   -0.3348635747E-19
    0.3615000000E+02   -0.1159430762E-19
    0.3620000000E+02    0.1241663343E-19
    0.3625000000E+02    0.2176105227E-19
    0.3630000000E+02    0.2345521146E-19
    0.3635000000E+02    0.2229648068E-19
    0.3640000000E+02    0.1281099295E-19
    0.3645000000E+02    0.1442588271E-20
    0.3650000000E+02    0.2073642861E-20
    0.3655000000E+02    0.5393960305E-20
    0.3660000000E+02    0.7331071280E-20
    0.3665000000E+02    0.1006487971E-19
    0.3670000000E+02    0.1612329922E-19
    0.3675000000E+02    0.1097551384E-19
    0.3680000000E+02    0.3533447508E-20
    0.3685000000E+02    0.1258955333E-22
    0.3690000000E+02   -0.1281917862E-20
    0.3695000000E+02   -0.4908218512E-20
    0.3700000000E+02   -0.1350418578E-22
    0.3705000000E+02    0.7098798319E-20
    0.3710000000E+02    0.9441001319E-20
    0.3715000000E+02    0.2414011220E-20
    0.3720000000E+02   -0.5633241338E-20
    0.3725000000E+02   -0.1889719092E-19
    0.3730000000E+02   -0.2931859114E-19
    0.3735000000E+02   -0.3421692293E-19
    0.3740000000E+02   -0.2944550763E-19
    0.3745000000E+02   -0.2077969618E-19
    0.3750000000E+02   -0.7885281687E-20
    0.3755000000E+02    0.2535860435E-20
    0.3760000000E+02    0.9964592806E-20
    0.3765000000E+02    0.1399293469E-19
    0.3770000000E+02    0.1092909686E-19
    0.3775000000E+02    0.4739883316E-20
    0.3780000000E+02   -0.2614471254E-20
    0.3785000000E+02   -0.8381462589E-20
    0.3790000000E+02   -0.1064679457E-19
    0.3795000000E+02   -0.7061149236E-20
    0.3800000000E+02   -0.2383591863E-20
    0.3805000000E+02    0.3354838354E-20
    0.3810000000E+02    0.5320900227E-20
    0.3815000000E+02    0.4445296577E-20
    0.3820000000E+02    0.5722283606E-20
    0.3825000000E+02    0.6734654192E-20
    0.3830000000E+02    0.6592487677E-20
    0.3835000000E+02    0.7416563165E-20
    0.3840000000E+02    0.8683657149E-20
    0.3845000000E+02    0.7441218292E-20
    0.3850000000E+02    0.4184107335E-20
    0.3855000000E+02    0.3787565485E-21
    0.3860000000E+02   -0.4148894107E-21
    0.3865000000E+02    0.9735023277E-21
    0.3870000000E+02   -0.3097882594E-21
    0.3875000000E+02    0.2291035947E-20
    0.3880000000E+02    0.8481982338E-20
    0.3885000000E+02    0.1042423477E-19
    0.3890000000E+02    0.6997544555E-20
    0.3895000000E+02    0.4493662810E-20
    0.3900000000E+02   -0.3926029463E-21
    0.3905000000E+02   -0.8017796809E-20
    0.3910000000E+02   -0.9958930242E-20
    0.3915000000E+02   -0.7721089082E-20
    0.3920000000E+02   -0.5630882116E-20
    0.3925000000E+02   -0.4815945064E-20
    0.3930000000E+02   -0.4490718161E-20
    0.3935000000E+02   -0.9250716051E-20
    0.3940000000E+02   -0.1306623281E-19
    0.3945000000E+02   -0.1118522555E-19
    0.3950000000E+02   -0.4820322486E-20
    0.3955000000E+02    0.2509463079E-20
    0.3960000000E+02    0.1144064940E-19
    0.3965000000E+02    0.1512998866E-19
    0.3970000000E+02    0.1262048374E-19
    0.3975000000E+02    0.7699366487E-20
    0.3980000000E+02    0.3586440333E-21
    0.3985000000E+02   -0.4898010880E-20
    0.3990000000E+02   -0.5714593225E-20
    0.3995000000E+02   -0.4496456471E-20
    0.4000000000E+02   -0.5029424998E-20
    0.4005000000E+02   -0.1781683355E-20
    0.4010000000E+02   -0.1883600350E-20
    0.4015000000E+02   -0.4402105075E-20
    0.4020000000E+02   -0.7865806754E-20
    0.4025000000E+02   -0.7858764943E-20
    0.4030000000E+02   -0.9945131510E-20
    0.4035000000E+02   -0.9714846813E-20
    0.4040000000E+02   -0.6862689205E-20
    0.4045000000E+02   -0.2224146032E-20
    0.4050000000E+02   -0.1362224979E-21
    0.4055000000E+02    0.3637862123E-20
    0.4060000000E+02    0.8250061372E-20
    0.4065000000E+02    0.1031003551E-19
    0.4070000000E+02    0.8147509009E-20
    0.4075000000E+02    0.6608584283E-20
    0.4080000000E+02    0.5167562615E-20
    0.4085000000E+02    0.2023385867E-20
    0.4090000000E+02   -0.3395132352E-22
    0.4095000000E+02    0.2360519667E-20
    0.4100000000E+02    0.4644620091E-20
    0.4105000000E+02    0.5183558664E-20
    0.4110000000E+02    0.5311928188E-20
    0.4115000000E+02    0.5335193878E-20
    0.4120000000E+02    0.3316872649E-20
    0.4125000000E+02    0.1549088065E-20
    0.4130000000E+02    0.1291091076E-20
    0.4135000000E+02    0.2469537670E-20
    0.4140000000E+02    0.2948804720E-20
    0.4145000000E+02    0.4554291114E-20
    0.4150000000E+02    0.6117538641E-20
    0.4155000000E+02    0.6576504138E-20
    0.4160000000E+02    0.5352998787E-20
    0.4165000000E+02    0.5204453611E-20
    0.4170000000E+02    0.3279371599E-20
    0.4175000000E+02    0.1252740785E-20
    0.4180000000E+02   -0.7916683337E-21
    0.4185000000E+02   -0.2054892524E-20
    0.4190000000E+02   -0.3369398963E-20
    0.4195000000E+02   -0.2695449340E-20
    0.4200000000E+02   -0.1351535798E-20
    0.4205000000E+02   -0.4429554814E-21
    0.4210000000E+02   -0.7566927139E-22
    0.4215000000E+02   -0.7457035253E-21
    0.4220000000E+02   -0.2561004324E-20
    0.4225000000E+02   -0.5672947774E-20
    0.4230000000E+02   -0.6616445402E-20
    0.4235000000E+02   -0.5434159103E-20
    0.4240000000E+02   -0.3506678751E-20
    0.4245000000E+02   -0.2731694541E-21
    0.4250000000E+02    0.2999552390E-20
    0.4255000000E+02    0.4698345145E-20
    0.4260000000E+02    0.3838556295E-20
    0.4265000000E+02    0.2799126130E-20
    0.4270000000E+02    0.2891280634E-21
    0.4275000000E+02   -0.5557682083E-21
    0.4280000000E+02   -0.8139052454E-21
    0.4285000000E+02   -0.6437728418E-23
    0.4290000000E+02    0.1297022688E-20
    0.4295000000E+02    0.3172100677E-20
    0.4300000000E+02    0.3293736322E-20
    0.4305000000E+02    0.1905307920E-20
    0.4310000000E+02    0.1484169951E-20
    0.4315000000E+02    0.9342103771E-21
    0.4320000000E+02    0.3308464047E-21
    0.4325000000E+02    0.9103692136E-21
    0.4330000000E+02    0.3190771573E-20
    0.4335000000E+02    0.4170933287E-20
    0.4340000000E+02    0.4079014096E-20
    0.4345000000E+02    0.3794132276E-20
    0.4350000000E+02    0.2797342895E-20
    0.4355000000E+02    0.1489767115E-20
    0.4360000000E+02    0.1364104487E-21
    0.4365000000E+02    0.3177482529E-21
    0.4370000000E+02    0.1445563510E-20
    0.4375000000E+02    0.2955102248E-20
    0.4380000000E+02    0.3187385396E-20
    0.4385000000E+02    0.3717004761E-20
    0.4390000000E+02    0.3548423213E-20
    0.4395000000E+02    0.1500342100E-20
    0.4400000000E+02   -0.1510553053E-20
    0.4405000000E+02   -0.2552076742E-20
    0.4410000000E+02   -0.3411000598E-20
    0.4415000000E+02   -0.4479384469E-20
    0.4420000000E+02   -0.3758559696E-20
    0.4425000000E+02   -0.1400405446E-20
    0.4430000000E+02   -0.7407899343E-21
    0.4435000000E+02   -0.4470239209E-21
    0.4440000000E+02    0.2629249439E-21
    0.4445000000E+02    0.6203671382E-21
    0.4450000000E+02    0.3666691139E-22
    0.4455000000E+02   -0.1050585878E-21
    0.4460000000E+02   -0.1310262581E-21
    0.4465000000E+02   -0.7640301438E-21
    0.4470000000E+02   -0.2337495392E-20
    0.4475000000E+02   -0.3069281153E-20
    0.4480000000E+02   -0.3114173801E-20
    0.4485000000E+02   -0.2955322587E-20
    0.4490000000E+02   -0.2489315648E-20
    0.4495000000E+02   -0.1368644318E-20
    0.4500000000E+02   -0.1797359900E-20
    0.4505000000E+02   -0.2635443777E-20
    0.4510000000E+02   -0.3212036736E-20
    0.4515000000E+02   -0.3241402455E-20
    0.4520000000E+02   -0.3505498151E-20
    0.4525000000E+02   -0.3187676436E-20
    0.4530000000E+02   -0.2125382614E-20
    0.4535000000E+02   -0.1276436723E-20
    0.4540000000E+02   -0.1089759425E-20
    0.4545000000E+02   -0.5290666035E-21
    0.4550000000E+02    0.1743627815E-21
    0.4555000000E+02   -0.5318972200E-21
    0.4560000000E+02   -0.1260888299E-20
    0.4565000000E+02   -0.1222572105E-20
    0.4570000000E+02   -0.1208181024E-20
    0.4575000000E+02   -0.9946349347E-21
    0.4580000000E+02   -0.7706526873E-22
    0.4585000000E+02    0.6180647777E-21
    0.4590000000E+02    0.5317517873E-21
    0.4595000000E+02   -0.2734236546E-23
    0.4600000000E+02   -0.8513630090E-21
    0.4605000000E+02   -0.1720478663E-20
    0.4610000000E+02   -0.2147519187E-20
    0.4615000000E+02   -0.2253039140E-20
    0.4620000000E+02   -0.1971250863E-20
    0.4625000000E+02   -0.1035355275E-20
    0.4630000000E+02   -0.5244832668E-21
    0.4635000000E+02   -0.6698599808E-21
    0.4640000000E+02   -0.9635702989E-21
    0.4645000000E+02   -0.1216392805E-20
    0.4650000000E+02   -0.1707442883E-20
    0.4655000000E+02   -0.1472477734E-20
    0.4660000000E+02   -0.7840685736E-21
    0.4665000000E+02    0.2988577058E-21
    0.4670000000E+02    0.1017537313E-20
    0.4675000000E+02    0.1130213074E-20
    0.4680000000E+02    0.7717887164E-21
    0.4685000000E+02    0.8022684294E-22
    0.4690000000E+02   -0.1319148113E-20
    0.4695000000E+02   -0.1914173726E-20
    0.4700000000E+02   -0.2008693530E-20
    0.4705000000E+02   -0.1790495032E-20
    0.4710000000E+02   -0.8010294533E-21
    0.4715000000E+02    0.6641441743E-21
    0.4720000000E+02    0.1035567532E-20
    0.4725000000E+02    0.1249209403E-20
    0.4730000000E+02    0.9212342420E-21
    0.4735000000E+02   -0.8844565276E-22
    0.4740000000E+02   -0.8877628723E-21
    0.4745000000E+02   -0.1012054032E-20
    0.4750000000E+02   -0.1061973399E-20
    0.4755000000E+02   -0.3496023353E-21
    0.4760000000E+02    0.3968656672E-21
    0.4765000000E+02    0.6573511317E-21
    0.4770000000E+02    0.6912838093E-21
    0.4775000000E+02    0.8337524934E-21
    0.4780000000E+02    0.1321943218E-21
    0.4785000000E+02   -0.4646556140E-21
    0.4790000000E+02   -0.7038775042E-21
    0.4795000000E+02   -0.4884584865E-21
    0.4800000000E+02   -0.3700801221E-21
    0.4805000000E+02    0.4278304085E-21
    0.4810000000E+02    0.1072719654E-20
    0.4815000000E+02    0.1567061687E-20
    0.4820000000E+02    0.1425317831E-20
    0.4825000000E+02    0.1239446962E-20
    0.4830000000E+02    0.7645591876E-21
    0.4835000000E+02    0.5623964561E-21
    0.4840000000E+02    0.1162366199E-21
    0.4845000000E+02    0.1695784347E-21
    0.4850000000E+02    0.2323420302E-21
    0.4855000000E+02    0.4865925279E-21
    0.4860000000E+02    0.5974876921E-21
    0.4865000000E+02    0.9619008651E-21
    0.4870000000E+02    0.8469473249E-21
    0.4875000000E+02    0.7453487790E-21
    0.4880000000E+02    0.2529489296E-21
    0.4885000000E+02   -0.1204769517E-21
    0.4890000000E+02   -0.3543793837E-21
    0.4895000000E+02   -0.2278325294E-21
    0.4900000000E+02   -0.1591850028E-21
    0.4905000000E+02    0.2283215567E-21
    0.4910000000E+02    0.4019544171E-21
    0.4915000000E+02    0.5183434570E-21
    0.4920000000E+02    0.4558914270E-21
    0.4925000000E+02    0.4160023037E-21
    0.4930000000E+02    0.2988958238E-21
    0.4935000000E+02    0.2145765664E-21
    0.4940000000E+02   -0.6487154126E-22
    0.4945000000E+02   -0.7556261397E-22
    0.4950000000E+02   -0.1498221165E-21
    0.4955000000E+02   -0.1429299071E-21
    0.4960000000E+02    0.4531133642E-22
    0.4965000000E+02    0.2443047003E-21
    0.4970000000E+02    0.8167197323E-22
    0.4975000000E+02    0.1324658748E-21
    0.4980000000E+02   -0.4907220005E-22
    0.4985000000E+02   -0.2000455330E-21
    0.4990000000E+02   -0.2923571240E-21
    0.4995000000E+02   -0.2896040272E-21
    0.5000000000E+02   -0.4062265753E-21
    0.5005000000E+02   -0.2874223863E-21
    0.5010000000E+02   -0.4281949400E-21
    0.5015000000E+02   -0.4650844777E-21
    0.5020000000E+02   -0.4305732866E-21
    0.5025000000E+02   -0.3963586852E-21
    0.5030000000E+02   -0.5084192443E-21
    0.5035000000E+02   -0.3389579492E-21
    0.5040000000E+02   -0.2604265816E-21
    0.5045000000E+02   -0.8429332410E-22
    0.5050000000E+02   -0.1447339760E-22
    0.5055000000E+02    0.1759903255E-21
    0.5060000000E+02    0.8722624450E-22
    0.5065000000E+02   -0.7036257695E-22
    0.5070000000E+02   -0.3301219198E-21
    0.5075000000E+02   -0.3726279679E-21
    0.5080000000E+02   -0.4829637490E-21
    0.5085000000E+02   -0.3225355559E-21
    0.5090000000E+02   -0.1291318092E-21
    0.5095000000E+02    0.8813731970E-22
    0.5100000000E+02    0.1648874013E-21
    0.5105000000E+02    0.1633632636E-21
    0.5110000000E+02   -0.5546464165E-22
    0.5115000000E+02   -0.6227796599E-22
    0.5120000000E+02   -0.2165617455E-21
    0.5125000000E+02   -0.3277552991E-21
    0.5130000000E+02   -0.2264567865E-21
    0.5135000000E+02    0.6023780030E-22
    0.5140000000E+02    0.9992283844E-22
    0.5145000000E+02    0.3251446897E-21
    0.5150000000E+02    0.4875566360E-21
    0.5155000000E+02    0.5476052774E-21
    0.5160000000E+02    0.4146912734E-21
    0.5165000000E+02    0.3717920538E-21
    0.5170000000E+02    0.2566634083E-21
    0.5175000000E+02    0.2413490535E-21
    0.5180000000E+02    0.1476180337E-21
    0.5185000000E+02    0.2075275145E-21
    0.5190000000E+02    0.2694667254E-21
    0.5195000000E+02    0.3787992881E-21
    0.5200000000E+02    0.3670918560E-21
    0.5205000000E+02    0.4426228241E-21
    0.5210000000E+02    0.4317792347E-21
    0.5215000000E+02    0.3853306548E-21
    0.5220000000E+02    0.1820101567E-21
    0.5225000000E+02    0.1526084258E-21
    0.5230000000E+02    0.7855044452E-22
    0.5235000000E+02   -0.7958771068E-23
    0.5240000000E+02   -0.6523367693E-22
    0.5245000000E+02    0.1063794357E-21
    0.5250000000E+02    0.1432198310E-21
    0.5255000000E+02    0.1623492719E-21
    0.5260000000E+02    0.1963364808E-21
    0.5265000000E+02    0.2553417655E-21
    0.5270000000E+02    0.1727284177E-21
    0.5275000000E+02    0.1380049311E-21
    0.5280000000E+02    0.8983932660E-22
    0.5285000000E+02    0.1340432105E-21
    0.5290000000E+02    0.1309716063E-21
    0.5295000000E+02    0.1644860186E-21
    0.5300000000E+02    0.1495565027E-21
    0.5305000000E+02    0.2544816962E-21
    0.5310000000E+02    0.2279887064E-21
    0.5315000000E+02    0.2067643175E-21
    0.5320000000E+02    0.1465046914E-21
    0.5325000000E+02    0.1483384123E-21
    0.5330000000E+02    0.2081620628E-22
    0.5335000000E+02   -0.7724247681E-24
    0.5340000000E+02   -0.9413617228E-23
    0.5345000000E+02    0.4241628845E-22
    0.5350000000E+02    0.6588254044E-24
    0.5355000000E+02    0.3256577476E-22
    0.5360000000E+02   -0.1994063164E-22
    0.5365000000E+02   -0.4316424999E-22
    0.5370000000E+02   -0.1075676817E-21
    0.5375000000E+02   -0.1056120198E-21
    0.5380000000E+02   -0.1362639735E-21
    0.5385000000E+02   -0.7347445323E-22
    0.5390000000E+02   -0.7711506923E-22
    0.5395000000E+02   -0.4897628664E-22
    0.5400000000E+02   -0.3969796677E-22
    0.5405000000E+02    0.5833457229E-23
    0.5410000000E+02   -0.5896235100E-22
    0.5415000000E+02   -0.4701014109E-22
    0.5420000000E+02   -0.8122422104E-22
    0.5425000000E+02   -0.6640100649E-22
    0.5430000000E+02   -0.1116329747E-21
    0.5435000000E+02   -0.5851822298E-22
    0.5440000000E+02   -0.7300748903E-22
    0.5445000000E+02   -0.5497338215E-22
    0.5450000000E+02   -0.1050543288E-21
    0.5455000000E+02   -0.6102501260E-22
    0.5460000000E+02   -0.9239930104E-22
    0.5465000000E+02   -0.6114940903E-22
    0.5470000000E+02   -0.6626241414E-22
    0.5475000000E+02   -0.1024088446E-22
    0.5480000000E+02   -0.4609117391E-22
    0.5485000000E+02   -0.3129883722E-22
    0.5490000000E+02   -0.9535617360E-22
    0.5495000000E+02   -0.4796853955E-22
    0.5500000000E+02   -0.4466656515E-22
    0.5505000000E+02   -0.7372441075E-23
    0.5510000000E+02    0.2047186026E-23
    0.5515000000E+02    0.1057435601E-21
    0.5520000000E+02    0.5517035888E-22
    0.5525000000E+02    0.3685291388E-22
    0.5530000000E+02    0.5734184575E-23
    0.5535000000E+02    0.2283447580E-22
    0.5540000000E+02   -0.4043173086E-22
    0.5545000000E+02    0.1609268553E-22
    0.5550000000E+02    0.3884450026E-22
    0.5555000000E+02    0.1220857458E-21
    0.5560000000E+02    0.1268973945E-21
    0.5565000000E+02    0.1772270015E-21
    0.5570000000E+02    0.1631890543E-21
    0.5575000000E+02    0.2080635372E-21
    0.5580000000E+02    0.1486834572E-21
    0.5585000000E+02    0.1479406383E-21
    0.5590000000E+02    0.9753336724E-22
    0.5595000000E+02    0.9819809998E-22
    0.5600000000E+02    0.9938298034E-23
    0.5605000000E+02    0.9065677317E-23
    0.5610000000E+02   -0.1597765410E-22
    0.5615000000E+02    0.3586499453E-22
    0.5620000000E+02    0.1712837416E-22
    0.5625000000E+02    0.7876712442E-22
    0.5630000000E+02    0.7896015958E-22
    0.5635000000E+02    0.1023032883E-21
    0.5640000000E+02    0.2132282099E-22
    0.5645000000E+02    0.7496088919E-23
    0.5650000000E+02   -0.4581415014E-22
    0.5655000000E+02   -0.1827721540E-22
    0.5660000000E+02   -0.4046389946E-22
    0.5665000000E+02    0.5202717691E-22
    0.5670000000E+02    0.1029948517E-21
    0.5675000000E+02    0.1613720343E-21
    0.5680000000E+02    0.1154716126E-21
    0.5685000000E+02    0.1257068979E-21
    0.5690000000E+02    0.5023838200E-22
    0.5695000000E+02    0.8862105485E-23
    0.5700000000E+02   -0.5723142852E-22
    0.5705000000E+02   -0.2452556202E-22
    0.5710000000E+02   -0.2452875822E-22
    0.5715000000E+02    0.3448167058E-22
    0.5720000000E+02    0.3314363200E-22
    0.5725000000E+02    0.7482717090E-22
    0.5730000000E+02    0.3133509542E-22
    0.5735000000E+02    0.1408791772E-22
    0.5740000000E+02   -0.5636968675E-22
    0.5745000000E+02   -0.5895045466E-22
    0.5750000000E+02   -0.1048019713E-21
    0.5755000000E+02   -0.7639569099E-22
    0.5760000000E+02   -0.9403635150E-22
    0.5765000000E+02   -0.5539199191E-22
    0.5770000000E+02   -0.7042614048E-22
    0.5775000000E+02   -0.3460436677E-22
    0.5780000000E+02   -0.6875984252E-22
    0.5785000000E+02   -0.4352198343E-22
    0.5790000000E+02   -0.6591224113E-22
    0.5795000000E+02   -0.3200027606E-22
    0.5800000000E+02   -0.5319436680E-22
    0.5805000000E+02   -0.9133173824E-23
    0.5810000000E+02   -0.2064596602E-22
    0.5815000000E+02    0.1111069313E-22
    0.5820000000E+02   -0.1928203825E-22
    0.5825000000E+02    0.7088372335E-23
    0.5830000000E+02   -0.2212616281E-22
    0.5835000000E+02    0.7404337531E-24
    0.5840000000E+02   -0.3233687277E-22
    0.5845000000E+02   -0.5043876784E-23
    0.5850000000E+02   -0.2633770309E-22
    0.5855000000E+02    0.3322573608E-23
    0.5860000000E+02   -0.1792346373E-22
    0.5865000000E+02    0.2374152014E-22
    0.5870000000E+02    0.7315963746E-23
    0.5875000000E+02    0.3426019439E-22
    0.5880000000E+02    0.8600035797E-23
    0.5885000000E+02    0.3329714886E-22
    0.5890000000E+02   -0.7783471962E-24
    0.5895000000E+02    0.2126644343E-22
    0.5900000000E+02   -0.7483005890E-23
    0.5905000000E+02    0.2280151650E-22
    0.5910000000E+02    0.4803568440E-23
    0.5915000000E+02    0.3927906176E-22
    0.5920000000E+02    0.1944886201E-22
    0.5925000000E+02    0.5537980709E-22
    0.5930000000E+02    0.3072767749E-22
    0.5935000000E+02    0.5553804030E-22
    0.5940000000E+02    0.2490443015E-22
    0.5945000000E+02    0.4902372902E-22
    0.5950000000E+02    0.2005864423E-22
    0.5955000000E+02    0.4894366368E-22
    0.5960000000E+02    0.2307248448E-22
    0.5965000000E+02    0.5544590780E-22
    0.5970000000E+02    0.3078265031E-22
    0.5975000000E+02    0.5506210530E-22
    0.5980000000E+02    0.2100907323E-22
    0.5985000000E+02    0.4172859920E-22
    0.5990000000E+02    0.5033264245E-23
    0.5995000000E+02    0.2286966735E-22
    0.6000000000E+02   -0.1133083144E-22
    0.6005000000E+02    0.1279237649E-22
    0.6010000000E+02   -0.1574751712E-22
    0.6015000000E+02    0.8430740310E-23
    0.6020000000E+02   -0.2127864063E-22
    0.6025000000E+02    0.3933777881E-23
    0.6030000000E+02   -0.2584848957E-22
    0.6035000000E+02   -0.5616455130E-23
    0.6040000000E+02   -0.3413392940E-22
    0.6045000000E+02   -0.6238237755E-23
    0.6050000000E+02   -0.3143782657E-22
    0.6055000000E+02   -0.6913450194E-23
    0.6060000000E+02   -0.3111400480E-22
    0.6065000000E+02   -0.4592659162E-23
    0.6070000000E+02   -0.3221246577E-22
    0.6075000000E+02   -0.1020742021E-22
    0.6080000000E+02   -0.3536331991E-22
    0.6085000000E+02   -0.8568859011E-23
    0.6090000000E+02   -0.3168066617E-22
    0.6095000000E+02   -0.4470719454E-23
    0.6100000000E+02   -0.2460606153E-22
    0.6105000000E+02    0.4964777128E-23
    0.6110000000E+02   -0.1964204081E-22
    0.6115000000E+02    0.3048400634E-23
    0.6120000000E+02   -0.2240513626E-22
    0.6125000000E+02    0.1212130721E-24
    0.6130000000E+02   -0.2721183840E-22
    0.6135000000E+02   -0.1708636782E-23
    0.6140000000E+02   -0.2424617098E-22
    0.6145000000E+02    0.2498824887E-23
    0.6150000000E+02   -0.1853713289E-22
    0.6155000000E+02    0.7800285675E-23
    0.6160000000E+02   -0.1767425487E-22
    0.6165000000E+02    0.6498674666E-23
    0.6170000000E+02   -0.1895037638E-22
    0.6175000000E+02    0.3279935623E-23
    0.6180000000E+02   -0.2309190400E-22
    0.6185000000E+02    0.6607920979E-24
    0.6190000000E+02   -0.2318404868E-22
    0.6195000000E+02    0.1180433829E-23
    0.6200000000E+02   -0.2294379162E-22
    0.6205000000E+02    0.5874452747E-23
    0.6210000000E+02   -0.1247341348E-22
    0.6215000000E+02    0.1546357361E-22
    0.6220000000E+02   -0.3578122826E-23
    0.6225000000E+02    0.2682656762E-22
    0.6230000000E+02    0.3866123694E-23
    0.6235000000E+02    0.2691829080E-22
    0.6240000000E+02    0.3195692249E-23
    0.6245000000E+02    0.2808251532E-22
    0.6250000000E+02    0.4868386801E-23
    0.6255000000E+02    0.3127289171E-22
    0.6260000000E+02    0.1177798751E-22
    0.6265000000E+02    0.3968419697E-22
    0.6270000000E+02    0.1598090279E-22
    0.6275000000E+02    0.3734325853E-22
    0.6280000000E+02    0.1011344800E-22
    0.6285000000E+02    0.2796043058E-22
    0.6290000000E+02   -0.2719485672E-23
    0.6295000000E+02    0.1624319921E-22
    0.6300000000E+02   -0.1044989088E-22
    0.6305000000E+02    0.1178305423E-22
    0.6310000000E+02   -0.1159055943E-22
    0.6315000000E+02    0.1214516322E-22
    0.6320000000E+02   -0.1153479917E-22
    0.6325000000E+02    0.1042836665E-22
    0.6330000000E+02   -0.1604843106E-22
    0.6335000000E+02    0.3949274093E-23
    0.6340000000E+02   -0.2157016758E-22
    0.6345000000E+02    0.2104769556E-24
    0.6350000000E+02   -0.2234592846E-22
    0.6355000000E+02    0.1679551915E-23
    0.6360000000E+02   -0.2039338225E-22
    0.6365000000E+02    0.2863399650E-23
    0.6370000000E+02   -0.2081816350E-22
    0.6375000000E+02    0.6633687948E-24
    0.6380000000E+02   -0.2234051266E-22
    0.6385000000E+02    0.2095153107E-24
    0.6390000000E+02   -0.2154226613E-22
    0.6395000000E+02    0.2658157265E-23
    0.6400000000E+02   -0.1925406476E-22
    0.6405000000E+02    0.2816579958E-23
    0.6410000000E+02   -0.2035957627E-22
    0.6415000000E+02    0.6930964814E-25
    0.6420000000E+02   -0.2426491331E-22
    0.6425000000E+02   -0.3030426052E-23
    0.6430000000E+02   -0.2601665572E-22
    0.6435000000E+02   -0.4502672742E-23
    0.6440000000E+02   -0.2680257148E-22
    0.6445000000E+02   -0.3958765588E-23
    0.6450000000E+02   -0.2486183695E-22
    0.6455000000E+02   -0.1617992855E-23
    0.6460000000E+02   -0.2195818472E-22
    0.6465000000E+02    0.1807145835E-23
    0.6470000000E+02   -0.1937237423E-22
    0.6475000000E+02    0.2801013427E-23
    0.6480000000E+02   -0.1811191914E-22
    0.6485000000E+02    0.5099835328E-23
    0.6490000000E+02   -0.1483123357E-22
    0.6495000000E+02    0.9297531200E-23
    0.6500000000E+02   -0.1007458051E-22
    0.6505000000E+02    0.1360385386E-22
    0.6510000000E+02   -0.6873455296E-23
    0.6515000000E+02    0.1511321339E-22
    0.6520000000E+02   -0.6377901384E-23
    0.6525000000E+02    0.1474346165E-22
    0.6530000000E+02   -0.7501273685E-23
    0.6535000000E+02    0.1339917918E-22
    0.6540000000E+02   -0.8666564726E-23
    0.6545000000E+02    0.1203901431E-22
    0.6550000000E+02   -0.9054428901E-23
    0.6555000000E+02    0.1243607186E-22
    0.6560000000E+02   -0.8809405261E-23
    0.6565000000E+02    0.1258418227E-22
    0.6570000000E+02   -0.8754500659E-23
    0.6575000000E+02    0.1113646243E-22
    0.6580000000E+02   -0.1119859556E-22
    0.6585000000E+02    0.8598585363E-23
    0.6590000000E+02   -0.1330653941E-22
    0.6595000000E+02    0.6770429756E-23
    0.6600000000E+02   -0.1415168847E-22
    0.6605000000E+02    0.7342350354E-23
    0.6610000000E+02   -0.1245125828E-22
    0.6615000000E+02    0.8649840667E-23
    0.6620000000E+02   -0.1103498044E-22
    0.6625000000E+02    0.9985763309E-23
    0.6630000000E+02   -0.1102739046E-22
    0.6635000000E+02    0.8653714835E-23
    0.6640000000E+02   -0.1199649936E-22
    0.6645000000E+02    0.7783516377E-23
    0.6650000000E+02   -0.1260800207E-22
    0.6655000000E+02    0.7766103217E-23
    0.6660000000E+02   -0.1183380973E-22
    0.6665000000E+02    0.8344438069E-23
    0.6670000000E+02   -0.1205747176E-22
    0.6675000000E+02    0.7115802496E-23
    0.6680000000E+02   -0.1352002866E-22
    0.6685000000E+02    0.4848776351E-23
    0.6690000000E+02   -0.1596611824E-22
    0.6695000000E+02    0.3580012740E-23
    0.6700000000E+02   -0.1601832714E-22
    0.6705000000E+02    0.3972736157E-23
    0.6710000000E+02   -0.1456088020E-22
    0.6715000000E+02    0.5656940928E-23
    0.6720000000E+02   -0.1363242687E-22
    0.6725000000E+02    0.5940809186E-23
    0.6730000000E+02   -0.1368136237E-22
    0.6735000000E+02    0.5327648551E-23
    0.6740000000E+02   -0.1411023454E-22
    0.6745000000E+02    0.5306618913E-23
    0.6750000000E+02   -0.1354642501E-22
    0.6755000000E+02    0.6222058737E-23
    0.6760000000E+02   -0.1234648007E-22
    0.6765000000E+02    0.7400081244E-23
    0.6770000000E+02   -0.1123848380E-22
    0.6775000000E+02    0.7959003815E-23
    0.6780000000E+02   -0.1105413961E-22
    0.6785000000E+02    0.7583674800E-23
    0.6790000000E+02   -0.1161308497E-22
    0.6795000000E+02    0.7138217888E-23
    0.6800000000E+02   -0.1181149326E-22
    0.6805000000E+02    0.7061124910E-23
    0.6810000000E+02   -0.1133829278E-22
    0.6815000000E+02    0.7356444152E-23
    0.6820000000E+02   -0.1151154305E-22
    0.6825000000E+02    0.6868724423E-23
    0.6830000000E+02   -0.1205482071E-22
    0.6835000000E+02    0.6086549253E-23
    0.6840000000E+02   -0.1247399682E-22
    0.6845000000E+02    0.6012837175E-23
    0.6850000000E+02   -0.1218857074E-22
    0.6855000000E+02    0.6303831425E-23
    0.6860000000E+02   -0.1172056680E-22
    0.6865000000E+02    0.6739212947E-23
    0.6870000000E+02   -0.1134653023E-22
    0.6875000000E+02    0.6815832196E-23
    0.6880000000E+02   -0.1111238053E-22
    0.6885000000E+02    0.6889077445E-23
    0.6890000000E+02   -0.1116176308E-22
    0.6895000000E+02    0.6907889939E-23
    0.6900000000E+02   -0.1076322583E-22
    0.6905000000E+02    0.7117956005E-23
    0.6910000000E+02   -0.1064482440E-22
    0.6915000000E+02    0.6989544233E-23
    0.6920000000E+02   -0.1095675286E-22
    0.6925000000E+02    0.6246067874E-23
    0.6930000000E+02   -0.1177004659E-22
    0.6935000000E+02    0.5542133616E-23
    0.6940000000E+02   -0.1193245289E-22
    0.6945000000E+02    0.5561929052E-23
    0.6950000000E+02   -0.1141957379E-22
    0.6955000000E+02    0.6412782225E-23
    0.6960000000E+02   -0.1070589712E-22
    0.6965000000E+02    0.6478931258E-23
    0.6970000000E+02   -0.1065439179E-22
    0.6975000000E+02    0.6190731619E-23
    0.6980000000E+02   -0.1107524147E-22
    0.6985000000E+02    0.6103132816E-23
    0.6990000000E+02   -0.1057212587E-22
    0.6995000000E+02    0.6409995462E-23
    0.7000000000E+02   -0.1032233502E-22
    0.7005000000E+02    0.6473738379E-23
    0.7010000000E+02   -0.1041349581E-22
    0.7015000000E+02    0.6025695939E-23
    0.7020000000E+02   -0.1070733203E-22
    0.7025000000E+02    0.5863648730E-23
    0.7030000000E+02   -0.1067513765E-22
    0.7035000000E+02    0.5845295137E-23
    0.7040000000E+02   -0.1036455032E-22
    0.7045000000E+02    0.6135637075E-23
    0.7050000000E+02   -0.1016567761E-22
    0.7055000000E+02    0.6190461652E-23
    0.7060000000E+02   -0.9932144524E-23
    0.7065000000E+02    0.6254817630E-23
    0.7070000000E+02   -0.9683371345E-23
    0.7075000000E+02    0.6735958168E-23
    0.7080000000E+02   -0.8929056780E-23
    0.7085000000E+02    0.7284860578E-23
    0.7090000000E+02   -0.8300213575E-23
    0.7095000000E+02    0.7920503393E-23
    0.7100000000E+02   -0.7488276412E-23
    0.7105000000E+02    0.8769526688E-23
    0.7110000000E+02   -0.6348874338E-23
    0.7115000000E+02    0.9542457456E-23
    0.7120000000E+02   -0.6280034537E-23
    0.7125000000E+02    0.8703183081E-23
    0.7130000000E+02   -0.7680963016E-23
    0.7135000000E+02    0.6717881598E-23
    0.7140000000E+02   -0.9346437808E-23
    0.7145000000E+02    0.5801446507E-23
    0.7150000000E+02   -0.9367182174E-23
    0.7155000000E+02    0.6195824340E-23
    0.7160000000E+02   -0.8578017457E-23
    0.7165000000E+02    0.6683144123E-23
    0.7170000000E+02   -0.8599274944E-23
    0.7175000000E+02    0.5949664020E-23
    0.7180000000E+02   -0.9519186324E-23
    0.7185000000E+02    0.5120188956E-23
    0.7190000000E+02   -0.9639300338E-23
    0.7195000000E+02    0.5529086915E-23
    0.7200000000E+02   -0.8589280649E-23
    0.7205000000E+02    0.6756788567E-23
    0.7210000000E+02   -0.7519644094E-23
    0.7215000000E+02    0.7111309577E-23
    0.7220000000E+02   -0.7383976449E-23
    0.7225000000E+02    0.7165697227E-23
    0.7230000000E+02   -0.7111810468E-23
    0.7235000000E+02    0.7586315310E-23
    0.7240000000E+02   -0.6216166326E-23
    0.7245000000E+02    0.8425327203E-23
    0.7250000000E+02   -0.5791821784E-23
    0.7255000000E+02    0.8086677328E-23
    0.7260000000E+02   -0.6379491961E-23
    0.7265000000E+02    0.7260515759E-23
    0.7270000000E+02   -0.7054270947E-23
    0.7275000000E+02    0.6835681660E-23
    0.7280000000E+02   -0.6925854032E-23
    0.7285000000E+02    0.6849342288E-23
    0.7290000000E+02   -0.7195449198E-23
    0.7295000000E+02    0.6179417447E-23
    0.7300000000E+02   -0.7852990211E-23
    0.7305000000E+02    0.5360349697E-23
    0.7310000000E+02   -0.8341655030E-23
    0.7315000000E+02    0.5144031193E-23
    0.7320000000E+02   -0.8395201620E-23
    0.7325000000E+02    0.4805259408E-23
    0.7330000000E+02   -0.8630890844E-23
    0.7335000000E+02    0.4419714424E-23
    0.7340000000E+02   -0.8999498873E-23
    0.7345000000E+02    0.4202852179E-23
    0.7350000000E+02   -0.8540452562E-23
    0.7355000000E+02    0.4924031033E-23
    0.7360000000E+02   -0.7455121503E-23
    0.7365000000E+02    0.6194610904E-23
    0.7370000000E+02   -0.6145677653E-23
    0.7375000000E+02    0.6625400517E-23
    0.7380000000E+02   -0.6411499642E-23
    0.7385000000E+02    0.5870590392E-23
    0.7390000000E+02   -0.7155067550E-23
    0.7395000000E+02    0.5195811115E-23
    0.7400000000E+02   -0.6925594458E-23
    0.7405000000E+02    0.6142290054E-23
    0.7410000000E+02   -0.5806730869E-23
    0.7415000000E+02    0.6641045002E-23
    0.7420000000E+02   -0.5629507156E-23
    0.7425000000E+02    0.6222058393E-23
    0.7430000000E+02   -0.6500990385E-23
    0.7435000000E+02    0.5096327399E-23
    0.7440000000E+02   -0.7225368162E-23
    0.7445000000E+02    0.4349016616E-23
    0.7450000000E+02   -0.7936119234E-23
    0.7455000000E+02    0.3771569443E-23
    0.7460000000E+02   -0.7826285253E-23
    0.7465000000E+02    0.4222441562E-23
    0.7470000000E+02   -0.6920715059E-23
    0.7475000000E+02    0.5332117224E-23
    0.7480000000E+02   -0.5670089839E-23
    0.7485000000E+02    0.5990108033E-23
    0.7490000000E+02   -0.5412464902E-23
    0.7495000000E+02    0.5971329327E-23
    0.7500000000E+02   -0.5183177919E-23
    0.7505000000E+02    0.6426818294E-23
    0.7510000000E+02   -0.4037039323E-23
    0.7515000000E+02    0.7850619244E-23
    0.7520000000E+02   -0.2640914389E-23
    0.7525000000E+02    0.8493277151E-23
    0.7530000000E+02   -0.2850213669E-23
    0.7535000000E+02    0.7044402456E-23
    0.7540000000E+02   -0.4799237570E-23
    0.7545000000E+02    0.5186923360E-23
    0.7550000000E+02   -0.5774394151E-23
    0.7555000000E+02    0.5138417652E-23
    0.7560000000E+02   -0.4652503263E-23
    0.7565000000E+02    0.6496912354E-23
    0.7570000000E+02   -0.3779627066E-23
    0.7575000000E+02    0.6032819609E-23
    0.7580000000E+02   -0.5333180555E-23
    0.7585000000E+02    0.3758481040E-23
    0.7590000000E+02   -0.7081896254E-23
    0.7595000000E+02    0.3058008702E-23
    0.7600000000E+02   -0.6268674603E-23
    0.7605000000E+02    0.4534675536E-23
    0.7610000000E+02   -0.4855849687E-23
    0.7615000000E+02    0.4996139451E-23
    0.7620000000E+02   -0.5162374645E-23
    0.7625000000E+02    0.4107645906E-23
    0.7630000000E+02   -0.5478002754E-23
    0.7635000000E+02    0.4598943169E-23
    0.7640000000E+02   -0.4287009283E-23
    0.7645000000E+02    0.5648968309E-23
    0.7650000000E+02   -0.3556604139E-23
    0.7655000000E+02    0.5407868831E-23
    0.7660000000E+02   -0.4510685805E-23
    0.7665000000E+02    0.4025829947E-23
    0.7670000000E+02   -0.5342478958E-23
    0.7675000000E+02    0.3906261775E-23
    0.7680000000E+02   -0.4495142778E-23
    0.7685000000E+02    0.5130758680E-23
    0.7690000000E+02   -0.2953211225E-23
    0.7695000000E+02    0.6348875416E-23
    0.7700000000E+02   -0.2261047300E-23
    0.7705000000E+02    0.6164053041E-23
    0.7710000000E+02   -0.2781657029E-23
    0.7715000000E+02    0.5057348155E-23
    0.7720000000E+02   -0.4262196682E-23
    0.7725000000E+02    0.3270453520E-23
    0.7730000000E+02   -0.5634383747E-23
    0.7735000000E+02    0.2399414143E-23
    0.7740000000E+02   -0.5314885784E-23
    0.7745000000E+02    0.3652777519E-23
    0.7750000000E+02   -0.3408727479E-23
    0.7755000000E+02    0.5230658232E-23
    0.7760000000E+02   -0.2506825501E-23
    0.7765000000E+02    0.4818340090E-23
    0.7770000000E+02   -0.3772727006E-23
    0.7775000000E+02    0.2867177857E-23
    0.7780000000E+02   -0.5564473853E-23
    0.7785000000E+02    0.1701402379E-23
    0.7790000000E+02   -0.5361102338E-23
    0.7795000000E+02    0.2945665882E-23
    0.7800000000E+02   -0.3072658702E-23
    0.7805000000E+02    0.5307411857E-23
    0.7810000000E+02   -0.1237445485E-23
    0.7815000000E+02    0.5892881764E-23
    0.7820000000E+02   -0.1680631580E-23
    0.7825000000E+02    0.4286093315E-23
    0.7830000000E+02   -0.3678715997E-23
    0.7835000000E+02    0.1936575816E-23
    0.7840000000E+02   -0.5988877808E-23
    0.7845000000E+02   -0.1407406448E-24
    0.7850000000E+02   -0.6869623353E-23
    0.7855000000E+02    0.3614658573E-24
    0.7860000000E+02   -0.4536580823E-23
    0.7865000000E+02    0.3677962954E-23
    0.7870000000E+02   -0.1093459778E-23
    0.7875000000E+02    0.5720548725E-23
    0.7880000000E+02   -0.1096645177E-23
    0.7885000000E+02    0.3388408963E-23
    0.7890000000E+02   -0.4373892205E-23
    0.7895000000E+02    0.2219247684E-25
    0.7900000000E+02   -0.6418000098E-23
    0.7905000000E+02    0.1351096212E-24
    0.7910000000E+02   -0.3710790818E-23
    0.7915000000E+02    0.4071136308E-23
    0.7920000000E+02    0.4422953776E-24
    0.7925000000E+02    0.6921826112E-23
    0.7930000000E+02    0.1289953993E-23
    0.7935000000E+02    0.5172356679E-23
    0.7940000000E+02   -0.2005437379E-23
    0.7945000000E+02    0.1456232637E-23
    0.7950000000E+02   -0.4593102584E-23
    0.7955000000E+02    0.1218357870E-24
    0.7960000000E+02   -0.4294006340E-23
    0.7965000000E+02    0.1595185951E-23
    0.7970000000E+02   -0.2049639510E-23
    0.7975000000E+02    0.3518854479E-23
    0.7980000000E+02   -0.4969296788E-24
    0.7985000000E+02    0.4064205139E-23
    0.7990000000E+02   -0.7813167334E-24
    0.7995000000E+02    0.3065945885E-23
    0.8000000000E+02   -0.1689536853E-23
    0.8005000000E+02    0.2164149444E-23
    0.8010000000E+02   -0.2004343940E-23
    0.8015000000E+02    0.2189667675E-23
    0.8020000000E+02   -0.1546803451E-23
    0.8025000000E+02    0.2500407758E-23
    0.8030000000E+02   -0.1117382800E-23
    0.8035000000E+02    0.2847582811E-23
    0.8040000000E+02   -0.5099032144E-24
    0.8045000000E+02    0.3254419785E-23
    0.8050000000E+02    0.1296586667E-24
    0.8055000000E+02    0.4008854414E-23
    0.8060000000E+02    0.1001555519E-23
    0.8065000000E+02    0.4051065032E-23
    0.8070000000E+02    0.2085205005E-24
    0.8075000000E+02    0.2115006209E-23
    0.8080000000E+02   -0.2040274005E-23
    0.8085000000E+02    0.9736998711E-25
    0.8090000000E+02   -0.2687777703E-23
    0.8095000000E+02    0.7880832118E-24
    0.8100000000E+02   -0.9383731735E-24
    0.8105000000E+02    0.1973430188E-23
    0.8110000000E+02   -0.8791347788E-24
    0.8115000000E+02    0.4290072078E-24
    0.8120000000E+02   -0.3260198455E-23
    0.8125000000E+02   -0.2013236695E-23
    0.8130000000E+02   -0.4158554180E-23
    0.8135000000E+02   -0.1215141029E-23
    0.8140000000E+02   -0.1477363700E-23
    0.8145000000E+02    0.2296724978E-23
    0.8150000000E+02    0.1857637678E-23
    0.8155000000E+02    0.3843178218E-23
    0.8160000000E+02    0.1689109271E-23
    0.8165000000E+02    0.2131397929E-23
    0.8170000000E+02   -0.1878603027E-24
    0.8175000000E+02    0.9049904973E-24
    0.8180000000E+02    0.1930035088E-24
    0.8185000000E+02    0.2183476859E-23
    0.8190000000E+02    0.1708697313E-23
    0.8195000000E+02    0.2619242822E-23
    0.8200000000E+02    0.1284264094E-23
    0.8205000000E+02    0.1469708211E-23
    0.8210000000E+02    0.3138752882E-24
    0.8215000000E+02    0.1026509006E-23
    0.8220000000E+02    0.1106351193E-23
    0.8225000000E+02    0.1910809076E-23
    0.8230000000E+02    0.1389108645E-23
    0.8235000000E+02    0.7373517516E-24
    0.8240000000E+02   -0.8423193817E-24
    0.8245000000E+02   -0.2261190247E-23
    0.8250000000E+02   -0.3119281156E-23
    0.8255000000E+02   -0.3169165712E-23
    0.8260000000E+02   -0.1708127725E-23
    0.8265000000E+02   -0.4395229183E-24
    0.8270000000E+02    0.1079399605E-23
    0.8275000000E+02    0.9484535242E-24
    0.8280000000E+02    0.1285445937E-23
    0.8285000000E+02   -0.1719733174E-24
    0.8290000000E+02   -0.9542139588E-25
    0.8295000000E+02   -0.1273855939E-23
    0.8300000000E+02   -0.2018298447E-24
    0.8305000000E+02   -0.1424592971E-23
    0.8310000000E+02   -0.9019642295E-24
    0.8315000000E+02   -0.2980923655E-23
    0.8320000000E+02   -0.2193259109E-23
    0.8325000000E+02   -0.4031580712E-23
    0.8330000000E+02   -0.1833724656E-23
    0.8335000000E+02   -0.1332245414E-23
    0.8340000000E+02    0.3218479573E-23
    0.8345000000E+02    0.3515017371E-23
    0.8350000000E+02    0.6677391304E-23
    0.8355000000E+02    0.4276336905E-23
    0.8360000000E+02    0.3881104229E-23
    0.8365000000E+02   -0.2334508254E-23
    0.8370000000E+02   -0.3351375545E-23
    0.8375000000E+02   -0.7307946619E-23
    0.8380000000E+02   -0.3996886184E-23
    0.8385000000E+02   -0.3928378209E-23
    0.8390000000E+02    0.2773416449E-23
    0.8395000000E+02    0.3390846454E-23
    0.8400000000E+02    0.7521211296E-23
    0.8405000000E+02    0.2520965825E-23
    0.8410000000E+02    0.1787317305E-23
    0.8415000000E+02   -0.6025824040E-23
    0.8420000000E+02   -0.6550523017E-23
    0.8425000000E+02   -0.1170549018E-22
    0.8430000000E+02   -0.6434864272E-23
    0.8435000000E+02   -0.6296511337E-23
    0.8440000000E+02    0.1631390845E-23
    0.8445000000E+02    0.1459862707E-23
    0.8450000000E+02    0.8405485216E-23
    0.8455000000E+02    0.5471265986E-23
    0.8460000000E+02    0.9694504572E-23
    0.8465000000E+02    0.5515326805E-23
    0.8470000000E+02    0.9895012303E-23
    0.8475000000E+02    0.4197291322E-23
    0.8480000000E+02    0.7244548941E-23
    0.8485000000E+02    0.1083623069E-23
    0.8490000000E+02    0.4547071807E-23
    0.8495000000E+02   -0.1509574075E-23
    0.8500000000E+02    0.3718076836E-23
    0.8505000000E+02   -0.3088140686E-24
    0.8510000000E+02    0.5701282104E-23
    0.8515000000E+02   -0.5927590748E-24
    0.8520000000E+02    0.2364748276E-23
    0.8525000000E+02   -0.7162858319E-23
    0.8530000000E+02   -0.5776574531E-23
    0.8535000000E+02   -0.1483137147E-22
    0.8540000000E+02   -0.9187020461E-23
    0.8545000000E+02   -0.1242240729E-22
    0.8550000000E+02   -0.1406669812E-23
    0.8555000000E+02   -0.2758445168E-23
    0.8560000000E+02    0.8029482929E-23
    0.8565000000E+02    0.4788451354E-23
    0.8570000000E+02    0.1329459702E-22
    0.8575000000E+02    0.7192617531E-23
    0.8580000000E+02    0.1429950214E-22
    0.8585000000E+02    0.6591339007E-23
    0.8590000000E+02    0.1165986087E-22
    0.8595000000E+02    0.1770894300E-23
    0.8600000000E+02    0.6583698911E-23
    0.8605000000E+02   -0.3015388520E-23
    0.8610000000E+02    0.3006126948E-23
    0.8615000000E+02   -0.5844301990E-23
    0.8620000000E+02    0.1113599082E-23
    0.8625000000E+02   -0.7260713773E-23
    0.8630000000E+02    0.3138601766E-24
    0.8635000000E+02   -0.8973719126E-23
    0.8640000000E+02   -0.2196148991E-23
    0.8645000000E+02   -0.1276277528E-22
    0.8650000000E+02   -0.7612814211E-23
    0.8655000000E+02   -0.1976792249E-22
    0.8660000000E+02   -0.1235922797E-22
    0.8665000000E+02   -0.1934631189E-22
    0.8670000000E+02   -0.5327489305E-23
    0.8675000000E+02   -0.6943476285E-23
    0.8680000000E+02    0.1093289808E-22
    0.8685000000E+02    0.9131621361E-23
    0.8690000000E+02    0.2325282463E-22
    0.8695000000E+02    0.1465148034E-22
    0.8700000000E+02    0.2266910507E-22
    0.8705000000E+02    0.9017440093E-23
    0.8710000000E+02    0.1393800101E-22
    0.8715000000E+02   -0.1490419948E-23
    0.8720000000E+02    0.4525910926E-23
    0.8725000000E+02   -0.8935618156E-23
    0.8730000000E+02   -0.2640745868E-24
    0.8735000000E+02   -0.1150781801E-22
    0.8740000000E+02   -0.1351420259E-24
    0.8745000000E+02   -0.1026254781E-22
    0.8750000000E+02    0.5878585159E-24
    0.8755000000E+02   -0.1194328356E-22
    0.8760000000E+02   -0.2981740386E-23
    0.8765000000E+02   -0.1791344275E-22
    0.8770000000E+02   -0.9896233021E-23
    0.8775000000E+02   -0.2307951979E-22
    0.8780000000E+02   -0.1006885372E-22
    0.8785000000E+02   -0.1821041042E-22
    0.8790000000E+02    0.1449584941E-24
    0.8795000000E+02   -0.4773406511E-23
    0.8800000000E+02    0.1368518200E-22
    0.8805000000E+02    0.5341714835E-23
    0.8810000000E+02    0.2015526423E-22
    0.8815000000E+02    0.8107161743E-23
    0.8820000000E+02    0.2093346841E-22
    0.8825000000E+02    0.8150293465E-23
    0.8830000000E+02    0.2189189993E-22
    0.8835000000E+02    0.8297957943E-23
    0.8840000000E+02    0.1965453471E-22
    0.8845000000E+02    0.2632542381E-23
    0.8850000000E+02    0.1191881178E-22
    0.8855000000E+02   -0.6855659201E-23
    0.8860000000E+02    0.3530308662E-23
    0.8865000000E+02   -0.1157729848E-22
    0.8870000000E+02    0.3558564076E-23
    0.8875000000E+02   -0.9650935210E-23
    0.8880000000E+02    0.5274199960E-23
    0.8885000000E+02   -0.1085520086E-22
    0.8890000000E+02    0.6959012471E-24
    0.8895000000E+02   -0.1847204852E-22
    0.8900000000E+02   -0.6497399992E-23
    0.8905000000E+02   -0.2187970440E-22
    0.8910000000E+02   -0.3198243827E-23
    0.8915000000E+02   -0.1371167307E-22
    0.8920000000E+02    0.7424746933E-23
    0.8925000000E+02   -0.3757257199E-23
    0.8930000000E+02    0.1461239063E-22
    0.8935000000E+02   -0.2198539302E-23
    0.8940000000E+02    0.1165684044E-22
    0.8945000000E+02   -0.6778433947E-23
    0.8950000000E+02    0.9157066454E-23
    0.8955000000E+02   -0.6695118515E-23
    0.8960000000E+02    0.1318535423E-22
    0.8965000000E+02    0.7094921960E-24
    0.8970000000E+02    0.2103731606E-22
    0.8975000000E+02    0.3524495525E-23
    0.8980000000E+02    0.1848494907E-22
    0.8985000000E+02   -0.2973592085E-23
    0.8990000000E+02    0.9995472561E-23
    0.8995000000E+02   -0.1195885053E-22
    0.9000000000E+02    0.4982384980E-23
    0.9005000000E+02   -0.1247985016E-22
    0.9010000000E+02    0.6286678823E-23
    0.9015000000E+02   -0.1291821320E-22
    0.9020000000E+02    0.4685912478E-23
    0.9025000000E+02   -0.1625887868E-22
    0.9030000000E+02   -0.1631872843E-24
    0.9035000000E+02   -0.2104497184E-22
    0.9040000000E+02   -0.7515478796E-24
    0.9045000000E+02   -0.1806477112E-22
    0.9050000000E+02    0.3470543561E-23
    0.9055000000E+02   -0.1549806177E-22
    0.9060000000E+02    0.3500137470E-23
    0.9065000000E+02   -0.1961527980E-22
    0.9070000000E+02   -0.2483216199E-23
    0.9075000000E+02   -0.2398060305E-22
    0.9080000000E+02   -0.3135345013E-24
    0.9085000000E+02   -0.1406788478E-22
    0.9090000000E+02    0.1528275729E-22
    0.9095000000E+02    0.1446532793E-23
    0.9100000000E+02    0.2790456510E-22
    0.9105000000E+02    0.8187719650E-23
    0.9110000000E+02    0.2797609380E-22
    0.9115000000E+02    0.3765140283E-23
    0.9120000000E+02    0.2524675048E-22
    0.9125000000E+02    0.4252319998E-23
    0.9130000000E+02    0.2801300884E-22
    0.9135000000E+02    0.6325540175E-23
    0.9140000000E+02    0.2734822863E-22
    0.9145000000E+02   -0.1418194178E-23
    0.9150000000E+02    0.1147871628E-22
    0.9155000000E+02   -0.2249596306E-22
    0.9160000000E+02   -0.7207283579E-23
    0.9165000000E+02   -0.3471276251E-22
    0.9170000000E+02   -0.1077045305E-22
    0.9175000000E+02   -0.3045580140E-22
    0.9180000000E+02   -0.9892979313E-24
    0.9185000000E+02   -0.2186015123E-22
    0.9190000000E+02    0.2926447310E-23
    0.9195000000E+02   -0.2236813530E-22
    0.9200000000E+02    0.2350011749E-23
    0.9205000000E+02   -0.2092190146E-22
    0.9210000000E+02    0.8608100533E-23
    0.9215000000E+02   -0.9112477152E-23
    0.9220000000E+02    0.2498006494E-22
    0.9225000000E+02    0.6087775052E-23
    0.9230000000E+02    0.3587616606E-22
    0.9235000000E+02    0.1137296080E-22
    0.9240000000E+02    0.3671623892E-22
    0.9245000000E+02    0.7616067855E-23
    0.9250000000E+02    0.3097450236E-22
    0.9255000000E+02    0.1221644208E-23
    0.9260000000E+02    0.2445067115E-22
    0.9265000000E+02   -0.8140396815E-23
    0.9270000000E+02    0.1242124908E-22
    0.9275000000E+02   -0.2204246348E-22
    0.9280000000E+02   -0.9410559695E-24
    0.9285000000E+02   -0.3363844453E-22
    0.9290000000E+02   -0.6511177231E-23
    0.9295000000E+02   -0.3174805175E-22
    0.9300000000E+02    0.1722013306E-23
    0.9305000000E+02   -0.2136834061E-22
    0.9310000000E+02    0.1225145862E-22
    0.9315000000E+02   -0.1500687911E-22
    0.9320000000E+02    0.1229449771E-22
    0.9325000000E+02   -0.2066223582E-22
    0.9330000000E+02    0.5929290039E-23
    0.9335000000E+02   -0.2543537286E-22
    0.9340000000E+02    0.5786073275E-23
    0.9345000000E+02   -0.1989086436E-22
    0.9350000000E+02    0.1618372691E-22
    0.9355000000E+02   -0.1080623374E-22
    0.9360000000E+02    0.2046858913E-22
    0.9365000000E+02   -0.1273654785E-22
    0.9370000000E+02    0.1417395947E-22
    0.9375000000E+02   -0.2161152883E-22
    0.9380000000E+02    0.8951953467E-23
    0.9385000000E+02   -0.1944168022E-22
    0.9390000000E+02    0.1839201742E-22
    0.9395000000E+02   -0.7866047256E-23
    0.9400000000E+02    0.2877853390E-22
    0.9405000000E+02   -0.3782181604E-23
    0.9410000000E+02    0.2436556258E-22
    0.9415000000E+02   -0.1547892878E-22
    0.9420000000E+02    0.1229124190E-22
    0.9425000000E+02   -0.2331596012E-22
    0.9430000000E+02    0.1270844694E-22
    0.9435000000E+02   -0.1486562406E-22
    0.9440000000E+02    0.2663093995E-22
    0.9445000000E+02   -0.3138361360E-23
    0.9450000000E+02    0.3137396140E-22
    0.9455000000E+02   -0.7506263334E-23
    0.9460000000E+02    0.2088461876E-22
    0.9465000000E+02   -0.2074913539E-22
    0.9470000000E+02    0.1163760913E-22
    0.9475000000E+02   -0.2244741950E-22
    0.9480000000E+02    0.1818829769E-22
    0.9485000000E+02   -0.1201738554E-22
    0.9490000000E+02    0.2906648467E-22
    0.9495000000E+02   -0.6128662832E-23
    0.9500000000E+02    0.2794826513E-22
    0.9505000000E+02   -0.1451052584E-22
    0.9510000000E+02    0.1638604858E-22
    0.9515000000E+02   -0.2592930382E-22
    0.9520000000E+02    0.1020408334E-22
    0.9525000000E+02   -0.2622862089E-22
    0.9530000000E+02    0.1486228795E-22
    0.9535000000E+02   -0.1983580662E-22
    0.9540000000E+02    0.2183743097E-22
    0.9545000000E+02   -0.1627269036E-22
    0.9550000000E+02    0.2113184285E-22
    0.9555000000E+02   -0.2043881066E-22
    0.9560000000E+02    0.1660199941E-22
    0.9565000000E+02   -0.2610003741E-22
    0.9570000000E+02    0.1204900199E-22
    0.9575000000E+02   -0.2730800672E-22
    0.9580000000E+02    0.1522445024E-22
    0.9585000000E+02   -0.2426447993E-22
    0.9590000000E+02    0.1771636677E-22
    0.9595000000E+02   -0.2212219801E-22
    0.9600000000E+02    0.1914685473E-22
    0.9605000000E+02   -0.2391163459E-22
    0.9610000000E+02    0.1785612477E-22
    0.9615000000E+02   -0.2331307132E-22
    0.9620000000E+02    0.1869435357E-22
    0.9625000000E+02   -0.2548308888E-22
    0.9630000000E+02    0.1636363157E-22
    0.9635000000E+02   -0.2821842923E-22
    0.9640000000E+02    0.1359067734E-22
    0.9645000000E+02   -0.2978095886E-22
    0.9650000000E+02    0.1906514027E-22
    0.9655000000E+02   -0.1789662356E-22
    0.9660000000E+02    0.3442336352E-22
    0.9665000000E+02   -0.3624877450E-23
    0.9670000000E+02    0.4490153241E-22
    0.9675000000E+02   -0.4295077909E-23
    0.9680000000E+02    0.3281116368E-22
    0.9685000000E+02   -0.2220598559E-22
    0.9690000000E+02    0.1643063810E-22
    0.9695000000E+02   -0.3205475249E-22
    0.9700000000E+02    0.2006019395E-22
    0.9705000000E+02   -0.1783868555E-22
    0.9710000000E+02    0.3715688006E-22
    0.9715000000E+02   -0.5867056473E-23
    0.9720000000E+02    0.3948199978E-22
    0.9725000000E+02   -0.1793466129E-22
    0.9730000000E+02    0.1797938897E-22
    0.9735000000E+02   -0.4007679869E-22
    0.9740000000E+02    0.4665332180E-23
    0.9745000000E+02   -0.4167571655E-22
    0.9750000000E+02    0.1606156074E-22
    0.9755000000E+02   -0.2335432052E-22
    0.9760000000E+02    0.3277335938E-22
    0.9765000000E+02   -0.1749790497E-22
    0.9770000000E+02    0.2690438971E-22
    0.9775000000E+02   -0.3312796818E-22
    0.9780000000E+02    0.9181824470E-23
    0.9785000000E+02   -0.4598471900E-22
    0.9790000000E+02    0.7370284922E-23
    0.9795000000E+02   -0.3819306274E-22
    0.9800000000E+02    0.2215531583E-22
    0.9805000000E+02   -0.2318512322E-22
    0.9810000000E+02    0.3299196516E-22
    0.9815000000E+02   -0.2026243096E-22
    0.9820000000E+02    0.3015261514E-22
    0.9825000000E+02   -0.2681118579E-22
    0.9830000000E+02    0.2522647000E-22
    0.9835000000E+02   -0.2783573649E-22
    0.9840000000E+02    0.3029319772E-22
    0.9845000000E+02   -0.1973565144E-22
    0.9850000000E+02    0.3916323030E-22
    0.9855000000E+02   -0.1434868097E-22
    0.9860000000E+02    0.4018230075E-22
    0.9865000000E+02   -0.1922047900E-22
    0.9870000000E+02    0.3376663782E-22
    0.9875000000E+02   -0.2440569021E-22
    0.9880000000E+02    0.3199131645E-22
    0.9885000000E+02   -0.2440983787E-22
    0.9890000000E+02    0.3504564140E-22
    0.9895000000E+02   -0.2168964522E-22
    0.9900000000E+02    0.3516158752E-22
    0.9905000000E+02   -0.2596643076E-22
    0.9910000000E+02    0.2976855399E-22
    0.9915000000E+02   -0.3233093569E-22
    0.9920000000E+02    0.2448283649E-22
    0.9925000000E+02   -0.3603046182E-22
    0.9930000000E+02    0.2545301867E-22
    0.9935000000E+02   -0.3239741182E-22
    0.9940000000E+02    0.3059016601E-22
    0.9945000000E+02   -0.2834628173E-22
    0.9950000000E+02    0.3430407552E-22
    0.9955000000E+02   -0.2767521708E-22
    0.9960000000E+02    0.3277887368E-22
    0.9965000000E+02   -0.3122832195E-22
    0.9970000000E+02    0.2972405092E-22
    0.9975000000E+02   -0.3534074176E-22
    0.9980000000E+02    0.2573653506E-22
    0.9985000000E+02   -0.3939777537E-22
    0.9990000000E+02    0.2432945197E-22
    0.9995000000E+02   -0.3908348758E-22
    0.1000000000E+03    0.2784585335E-22
    0.1000500000E+03   -0.3377824480E-22
    0.1001000000E+03    0.3423735228E-22
    0.1001500000E+03   -0.3135040847E-22
    0.1002000000E+03    0.3205840742E-22
    0.1002500000E+03   -0.3895101107E-22
    0.1003000000E+03    0.2258477362E-22
    0.1003500000E+03   -0.4834506581E-22
    0.1004000000E+03    0.1919655861E-22
    0.1004500000E+03   -0.4366568219E-22
    0.1005000000E+03    0.3298790581E-22
    0.1005500000E+03   -0.2652651445E-22
    0.1006000000E+03    0.4926762071E-22
    0.1006500000E+03   -0.1764832780E-22
    0.1007000000E+03    0.4910104875E-22
    0.1007500000E+03   -0.2732977268E-22
    0.1008000000E+03    0.3633754295E-22
    0.1008500000E+03   -0.3851556249E-22
    0.1009000000E+03    0.3285414704E-22
    0.1009500000E+03   -0.3433691551E-22
    0.1010000000E+03    0.4353185136E-22
    0.1010500000E+03   -0.2421510869E-22
    0.1011000000E+03    0.4922267912E-22
    0.1011500000E+03   -0.2781162999E-22
    0.1012000000E+03    0.3721873275E-22
    0.1012500000E+03   -0.4660749445E-22
    0.1013000000E+03    0.1952358910E-22
    0.1013500000E+03   -0.5883762813E-22
    0.1014000000E+03    0.1712885305E-22
    0.1014500000E+03   -0.5325722124E-22
    0.1015000000E+03    0.2924276893E-22
    0.1015500000E+03   -0.4100052385E-22
    0.1016000000E+03    0.3872015394E-22
    0.1016500000E+03   -0.3791824258E-22
    0.1017000000E+03    0.3818957312E-22
    0.1017500000E+03   -0.4083906221E-22
    0.1018000000E+03    0.3714102278E-22
    0.1018500000E+03   -0.3962498270E-22
    0.1019000000E+03    0.4309805591E-22
    0.1019500000E+03   -0.3167917844E-22
    0.1020000000E+03    0.5212631242E-22
    0.1020500000E+03   -0.2588290838E-22
    0.1021000000E+03    0.5482028949E-22
    0.1021500000E+03   -0.2803483313E-22
    0.1022000000E+03    0.5024490581E-22
    0.1022500000E+03   -0.3480428864E-22
    0.1023000000E+03    0.4574319761E-22
    0.1023500000E+03   -0.3758909440E-22
